Generación;Mejor Fitness
1;0.0460163169
2;0.0460628048
3;0.0461198948
4;0.0461926498
5;0.0462441407
6;0.0462791994
7;0.0463101715
8;0.0463344157
9;0.0463620685
10;0.0463814698
11;0.0464126840
12;0.0464187860
13;0.0464317948
14;0.0464675948
15;0.0464785136
16;0.0464842804
17;0.0464907512
18;0.0465013608
19;0.0465175360
20;0.0465264283
21;0.0465505570
22;0.0465579219
23;0.0465788990
24;0.0465843640
25;0.0466188416
26;0.0466541946
27;0.0466682389
28;0.0466791764
29;0.0466964170
30;0.0467245020
31;0.0467647798
32;0.0467773564
33;0.0467996672
34;0.0468087569
35;0.0468450896
36;0.0468554273
37;0.0468679480
38;0.0468713567
39;0.0468794554
40;0.0469075553
41;0.0469132476
42;0.0469246879
43;0.0470454171
44;0.0470859781
45;0.0470984653
46;0.0471358821
47;0.0471453778
48;0.0471673347
49;0.0471846238
50;0.0472291782
51;0.0472417809
52;0.0474273711
53;0.0475035980
54;0.0475269109
55;0.0475404225
56;0.0476263724
57;0.0476352833
58;0.0476557389
59;0.0476757772
60;0.0476946272
61;0.0477127656
62;0.0477235653
63;0.0477255024
64;0.0477358773
65;0.0477450415
66;0.0477556400
67;0.0477597117
68;0.0477803312
69;0.0477857590
70;0.0477921404
71;0.0478043817
72;0.0478116311
73;0.0478268825
74;0.0478276648
75;0.0478962734
76;0.0479019694
77;0.0479120053
78;0.0480165668
79;0.0480358377
80;0.0480613336
81;0.0480685979
82;0.0480696522
83;0.0481221974
84;0.0481257364
85;0.0481262803
86;0.0481376015
87;0.0481405519
88;0.0481455475
89;0.0481538288
90;0.0481572226
91;0.0481680632
92;0.0481905416
93;0.0481931642
94;0.0482162200
95;0.0482195392
96;0.0482207797
97;0.0482350774
98;0.0482352078
99;0.0482387990
100;0.0482437834
101;0.0482470617
102;0.0482592173
103;0.0482611805
104;0.0483093634
105;0.0483103581
106;0.0483131781
107;0.0483195633
108;0.0483250208
109;0.0483251326
110;0.0483279824
111;0.0484085269
112;0.0484106019
113;0.0484106131
114;0.0484218895
115;0.0484431870
116;0.0484441258
117;0.0484511890
118;0.0484528281
119;0.0484597869
120;0.0484801903
121;0.0484828055
122;0.0484878048
123;0.0484897085
124;0.0484925881
125;0.0484985821
126;0.0485034101
127;0.0485048816
128;0.0485055596
129;0.0485099778
130;0.0485129207
131;0.0485144332
132;0.0485224649
133;0.0485840812
134;0.0485865250
135;0.0485950746
136;0.0485968627
137;0.0485987142
138;0.0485990681
139;0.0486078560
140;0.0486164168
141;0.0486224592
142;0.0486236438
143;0.0486247241
144;0.0486326851
145;0.0486655980
146;0.0486767441
147;0.0486886688
148;0.0487121493
149;0.0487142354
150;0.0487187132
151;0.0487207025
152;0.0487286933
153;0.0487455055
154;0.0487868935
155;0.0488144681
156;0.0488149822
157;0.0488183498
158;0.0488487184
159;0.0488504581
160;0.0488516390
161;0.0488547944
162;0.0488598384
163;0.0488745905
164;0.0488786064
165;0.0488996804
166;0.0489034951
167;0.0489114225
168;0.0489132106
169;0.0489216596
170;0.0489224307
171;0.0489224941
172;0.0489226654
173;0.0489509664
174;0.0489538684
175;0.0489540771
176;0.0489627570
177;0.0489817336
178;0.0490743369
179;0.0490748025
180;0.0490766168
181;0.0490913279
182;0.0490977950
183;0.0491033345
184;0.0491195209
185;0.0491345301
186;0.0491374843
187;0.0491493866
188;0.0491589680
189;0.0491679460
190;0.0491952263
191;0.0491996035
192;0.0492517129
193;0.0492821895
194;0.0493046604
195;0.0493098609
196;0.0493333042
197;0.0493344851
198;0.0493372828
199;0.0493383631
200;0.0493482612
201;0.0493523516
202;0.0493523628
203;0.0493557565
204;0.0493567623
205;0.0493602082
206;0.0493620820
207;0.0493754335
208;0.0493765660
209;0.0493896902
210;0.0493957587
211;0.0493969955
212;0.0494005606
213;0.0494040847
214;0.0494089462
215;0.0494092815
216;0.0494095795
217;0.0494173728
218;0.0494246222
219;0.0494402833
220;0.0494411066
221;0.0494436063
222;0.0494461693
223;0.0494505875
224;0.0494507998
225;0.0494515821
226;0.0494515821
227;0.0494520441
228;0.0494540744
229;0.0494562052
230;0.0494572222
231;0.0494622700
232;0.0494827367
233;0.0494944118
234;0.0494976938
235;0.0494995192
236;0.0495003350
237;0.0495006293
238;0.0495011955
239;0.0495036021
240;0.0495236404
241;0.0495278873
242;0.0495306142
243;0.0495317727
244;0.0495500229
245;0.0495514311
246;0.0495561883
247;0.0495565049
248;0.0495673791
249;0.0495705791
250;0.0495711900
251;0.0496024862
252;0.0496028699
253;0.0496040583
254;0.0496051349
255;0.0496299118
256;0.0496492498
257;0.0496494547
258;0.0496645942
259;0.0496655516
260;0.0496655516
261;0.0496724918
262;0.0496732034
263;0.0496743880
264;0.0496776178
265;0.0496779196
266;0.0496928133
267;0.0496963039
268;0.0496993549
269;0.0497036949
270;0.0497152284
271;0.0497173257
272;0.0497267023
273;0.0497295484
274;0.0497297756
275;0.0497314967
276;0.0497320928
277;0.0497346632
278;0.0497349091
279;0.0497668684
280;0.0497695096
281;0.0497695543
282;0.0497718826
283;0.0497739054
284;0.0497742929
285;0.0497780927
286;0.0497803465
287;0.0497820154
288;0.0497820191
289;0.0497838147
290;0.0497838221
291;0.0497880615
292;0.0497884639
293;0.0497905985
294;0.0497905985
295;0.0497917570
296;0.0497917980
297;0.0497982018
298;0.0498007722
299;0.0498072132
300;0.0498102754
301;0.0498145632
302;0.0498189293
303;0.0498255640
304;0.0498257205
305;0.0498269647
306;0.0498269647
307;0.0498297960
308;0.0498313159
309;0.0498316400
310;0.0498336479
311;0.0498376302
312;0.0498446822
313;0.0498467162
314;0.0498467721
315;0.0498497635
316;0.0498521626
317;0.0498583950
318;0.0498597659
319;0.0498624779
320;0.0498634987
321;0.0499685518
322;0.0499695279
323;0.0499708503
324;0.0499728695
325;0.0499749929
326;0.0499750376
327;0.0499755293
328;0.0499762967
329;0.0499768443
330;0.0499783941
331;0.0499919094
332;0.0499926209
333;0.0500060432
