Generación;Mejor Fitness
1;0.0420773476
2;0.0420773476
3;0.0420773476
4;0.0420773476
5;0.0420427062
6;0.0420427062
7;0.0420427062
8;0.0420427062
9;0.0420542248
10;0.0420542248
11;0.0421079919
12;0.0421079919
13;0.0421042778
14;0.0421042778
15;0.0421042778
16;0.0420971848
17;0.0420638025
18;0.0420638025
19;0.0420427062
20;0.0420638025
21;0.0420638025
22;0.0420638025
23;0.0420638025
24;0.0420638025
25;0.0420638025
26;0.0420638025
27;0.0420638025
28;0.0420638025
29;0.0420638025
30;0.0420940332
31;0.0420940332
32;0.0420940332
33;0.0420940332
34;0.0420940332
35;0.0420940332
36;0.0420940332
37;0.0420940332
38;0.0420940332
39;0.0420940332
40;0.0420940332
41;0.0420823544
42;0.0420752764
43;0.0420752764
44;0.0420752764
45;0.0421890430
46;0.0421890430
47;0.0421890430
48;0.0422285311
49;0.0422285311
50;0.0422285311
51;0.0422382429
52;0.0422268175
53;0.0421691649
54;0.0421691649
55;0.0420688018
56;0.0420831218
57;0.0420857854
58;0.0420857854
59;0.0420831218
60;0.0420541503
61;0.0420677550
62;0.0420677550
63;0.0420677550
64;0.0420541503
65;0.0420978628
66;0.0420978628
67;0.0420978628
68;0.0420978628
69;0.0420541503
70;0.0420541503
71;0.0420816951
72;0.0420816951
73;0.0420816951
74;0.0420816951
75;0.0420659892
76;0.0421297252
77;0.0420724861
78;0.0420724861
79;0.0420724861
80;0.0420724861
81;0.0420859717
82;0.0420812331
83;0.0420812331
84;0.0420812331
85;0.0420659892
86;0.0420659892
87;0.0420659892
88;0.0420767367
89;0.0420826450
90;0.0420826450
91;0.0420826450
92;0.0420308039
93;0.0420308039
94;0.0420145541
95;0.0420057215
96;0.0420159921
97;0.0420055911
98;0.0420055911
99;0.0420055911
100;0.0420229658
101;0.0420040451
102;0.0420040451
103;0.0419928096
104;0.0419928096
105;0.0419928096
106;0.0419507399
107;0.0419602953
108;0.0419849344
109;0.0420321599
110;0.0419849344
111;0.0419849344
112;0.0419849344
113;0.0419849344
114;0.0419849344
115;0.0419461876
116;0.0419917814
117;0.0420111343
118;0.0420111343
119;0.0420111343
120;0.0420111343
121;0.0420138165
122;0.0420138165
123;0.0420437492
124;0.0420292243
125;0.0420292243
126;0.0420292243
127;0.0420356728
128;0.0420342535
129;0.0420342535
130;0.0420342535
131;0.0420342535
132;0.0420885012
133;0.0420342535
134;0.0420683324
135;0.0420683324
136;0.0420364849
137;0.0420364849
138;0.0420364849
139;0.0420497954
140;0.0420364849
141;0.0420184508
142;0.0420117788
143;0.0420637764
144;0.0420637913
145;0.0420637913
146;0.0420637913
147;0.0420637913
148;0.0420637913
149;0.0420637913
150;0.0420637913
151;0.0420637913
152;0.0420637913
153;0.0420637913
154;0.0420637913
155;0.0420637913
156;0.0419785865
157;0.0419785865
158;0.0419785865
159;0.0419785865
160;0.0419785865
161;0.0419785865
162;0.0419785865
163;0.0419785865
164;0.0420370251
165;0.0420370251
166;0.0420651138
167;0.0420651138
168;0.0420370251
169;0.0420370251
170;0.0420370251
171;0.0420370251
172;0.0420370251
173;0.0419656485
174;0.0419740789
175;0.0419656485
176;0.0419656485
177;0.0419656485
178;0.0419959128
179;0.0419959128
180;0.0419959128
181;0.0420132801
182;0.0420132801
183;0.0420132801
184;0.0420132801
185;0.0419531055
186;0.0419507883
187;0.0419370085
188;0.0419370085
189;0.0419227891
190;0.0419355109
191;0.0419355109
192;0.0419181883
193;0.0419087335
194;0.0419556014
195;0.0419066213
196;0.0419241078
197;0.0419012643
198;0.0419012643
199;0.0419338383
200;0.0419019684
201;0.0419221222
202;0.0419221222
203;0.0419221222
204;0.0419449098
205;0.0419636108
206;0.0419636108
207;0.0419486761
208;0.0419603623
209;0.0419275276
210;0.0419275276
211;0.0419275276
212;0.0419573709
213;0.0419537351
214;0.0419370383
215;0.0419370383
216;0.0419370383
217;0.0419698469
218;0.0419385694
219;0.0419370383
220;0.0419825688
221;0.0419462435
222;0.0419462435
223;0.0419462435
224;0.0419462435
225;0.0419462435
226;0.0419462435
227;0.0419455767
228;0.0419455767
229;0.0419181511
230;0.0419181511
231;0.0419344939
232;0.0419355929
233;0.0419337563
234;0.0419337563
235;0.0419337563
236;0.0419337563
237;0.0419337563
238;0.0419337563
239;0.0419337563
240;0.0419337563
241;0.0419337563
242;0.0419337563
243;0.0419601277
244;0.0419601277
245;0.0419601277
246;0.0419601277
247;0.0419601277
248;0.0419601277
249;0.0419963375
250;0.0419963375
251;0.0419057421
252;0.0419075377
253;0.0419362038
254;0.0419362038
255;0.0419075377
256;0.0419116169
257;0.0419116169
258;0.0419075377
259;0.0420198329
260;0.0420198329
261;0.0420174971
262;0.0420174971
263;0.0420174971
264;0.0420174971
265;0.0419438258
266;0.0419438258
267;0.0419438258
268;0.0419540405
269;0.0419540405
270;0.0419540405
271;0.0419540405
272;0.0419540405
273;0.0419569388
274;0.0419569388
275;0.0419569388
276;0.0419655554
277;0.0419655554
278;0.0419753566
279;0.0419655554
280;0.0419655554
281;0.0419655554
282;0.0419606976
283;0.0419606976
284;0.0419756770
285;0.0419756770
286;0.0419756770
287;0.0419756770
288;0.0420087166
289;0.0420087166
290;0.0420087166
291;0.0420087166
292;0.0420087166
293;0.0420769751
294;0.0420769751
295;0.0420473553
296;0.0420473553
297;0.0419756025
298;0.0419756025
299;0.0419728495
300;0.0419728495
301;0.0419660211
302;0.0419559777
303;0.0419794992
304;0.0419794992
305;0.0419598483
306;0.0419559777
307;0.0419559777
308;0.0419559777
309;0.0419559777
310;0.0420122072
311;0.0420122072
312;0.0419799723
313;0.0420161560
314;0.0419809185
315;0.0419809185
316;0.0419989638
317;0.0421007685
318;0.0421007685
319;0.0421007685
320;0.0421007685
321;0.0420129858
322;0.0420138910
323;0.0420138910
324;0.0420151800
325;0.0420151800
326;0.0420303568
327;0.0420303568
328;0.0420029908
329;0.0419822410
330;0.0419749804
331;0.0419749804
332;0.0419831313
333;0.0420418568
334;0.0420002155
335;0.0420007408
336;0.0420007408
337;0.0420007408
338;0.0420093983
339;0.0420014858
340;0.0420014858
341;0.0420002155
342;0.0420002155
343;0.0419792943
344;0.0419792943
345;0.0419974700
346;0.0419974700
347;0.0419974700
348;0.0419543199
349;0.0419931486
350;0.0419931486
351;0.0419931486
352;0.0419860147
353;0.0419966914
354;0.0419713371
355;0.0420345701
356;0.0420434773
357;0.0420345701
358;0.0420345701
359;0.0419908501
360;0.0419908501
361;0.0419908501
362;0.0419644155
363;0.0420084149
364;0.0419951789
365;0.0420310907
366;0.0420283005
367;0.0419970937
368;0.0419970937
369;0.0419677161
370;0.0419677161
371;0.0419536643
372;0.0419536643
373;0.0419646651
374;0.0419646651
375;0.0419646651
376;0.0420087390
377;0.0419827662
378;0.0419827662
379;0.0419872105
380;0.0419872105
381;0.0419872105
382;0.0419855081
383;0.0419855081
384;0.0419855081
385;0.0419855081
386;0.0419855081
387;0.0419855081
388;0.0419855081
389;0.0419855081
390;0.0419855081
391;0.0419855081
392;0.0419066437
393;0.0419607908
394;0.0419607908
395;0.0419011936
396;0.0419011936
397;0.0419011936
398;0.0418815874
399;0.0420516990
400;0.0419351608
401;0.0419303030
402;0.0419303030
403;0.0419112705
404;0.0419112705
405;0.0419112705
406;0.0418997779
407;0.0418997779
408;0.0419039428
409;0.0419039428
410;0.0419069789
411;0.0419069789
412;0.0419208370
413;0.0419158675
414;0.0419158675
415;0.0419039428
416;0.0419039428
417;0.0418888442
418;0.0419349372
419;0.0418888442
420;0.0418864749
421;0.0418864749
422;0.0418884195
423;0.0418884195
424;0.0418884195
425;0.0419006012
426;0.0419477634
427;0.0419379212
428;0.0419379212
429;0.0419379212
430;0.0418845825
431;0.0418897979
432;0.0420654416
433;0.0420654416
434;0.0420654416
435;0.0420654416
436;0.0420654416
437;0.0420654416
438;0.0420617610
439;0.0420617610
440;0.0420617610
441;0.0420617610
442;0.0420617610
443;0.0419639871
444;0.0418804511
445;0.0420328975
446;0.0420328975
447;0.0418804511
448;0.0418804511
449;0.0418804511
450;0.0418804511
451;0.0418804511
452;0.0418804511
453;0.0418804511
454;0.0418838672
455;0.0418666787
456;0.0418666787
457;0.0419117771
458;0.0419117771
459;0.0419117771
460;0.0419117771
461;0.0419117771
462;0.0419117771
463;0.0419117771
464;0.0419103019
465;0.0419119038
466;0.0419119038
467;0.0419119038
468;0.0419103019
469;0.0419062823
470;0.0419062823
471;0.0419062823
472;0.0419062823
473;0.0419047065
474;0.0419047065
475;0.0419189334
476;0.0419189334
477;0.0419189334
478;0.0419189334
479;0.0419189334
480;0.0419326834
481;0.0419326834
482;0.0419058353
483;0.0419330597
484;0.0419050343
485;0.0419065841
486;0.0419065841
487;0.0419240855
488;0.0419680886
489;0.0419680886
490;0.0419640020
491;0.0419819281
492;0.0419819281
493;0.0419819281
494;0.0419819281
495;0.0419819281
496;0.0419819281
497;0.0419819281
498;0.0419819281
499;0.0419819281
500;0.0419819281
501;0.0419819281
502;0.0419819281
503;0.0419998392
504;0.0419998392
505;0.0419998392
506;0.0419276953
507;0.0419011526
508;0.0419582985
509;0.0419215746
510;0.0419011526
511;0.0419312902
512;0.0419351868
513;0.0419351868
514;0.0419351868
515;0.0419504046
516;0.0419504046
517;0.0419262014
518;0.0419285670
519;0.0419136733
520;0.0419136733
521;0.0419137217
522;0.0419136733
523;0.0419136733
524;0.0419136733
525;0.0419136733
526;0.0419136733
527;0.0419136733
528;0.0419136733
529;0.0419140570
530;0.0418702811
531;0.0418687761
532;0.0418672450
533;0.0419016704
534;0.0419016704
535;0.0419016704
536;0.0419016704
537;0.0419016704
538;0.0419016704
539;0.0419016704
540;0.0419016704
541;0.0419016704
542;0.0419016704
543;0.0419038385
544;0.0419164598
545;0.0419164598
546;0.0419164598
547;0.0419164598
548;0.0419164598
549;0.0419164598
550;0.0419164598
551;0.0419164598
552;0.0419164598
553;0.0420228802
554;0.0419164598
555;0.0418783948
556;0.0418797247
557;0.0418797247
558;0.0418758243
559;0.0418758243
560;0.0418946929
561;0.0418946929
562;0.0418946929
563;0.0418837480
564;0.0418930165
565;0.0418930165
566;0.0418930165
567;0.0418930165
568;0.0418930165
569;0.0419026501
570;0.0419026501
571;0.0419026501
572;0.0419026501
573;0.0419026501
574;0.0419026501
575;0.0418758541
576;0.0418758243
577;0.0418758243
578;0.0419014543
579;0.0419014543
580;0.0419014543
581;0.0419014543
582;0.0419014543
583;0.0419014543
584;0.0419014543
585;0.0419014543
586;0.0419016331
587;0.0419016331
588;0.0419016331
589;0.0419016331
590;0.0419016331
591;0.0418213271
592;0.0418213271
593;0.0418070443
594;0.0417835303
595;0.0417835303
596;0.0417835303
597;0.0417835303
598;0.0417498909
599;0.0417498909
600;0.0417497233
601;0.0417383425
602;0.0418351665
603;0.0417421609
604;0.0417696275
605;0.0417696275
606;0.0417696275
607;0.0417696275
608;0.0417716391
609;0.0417716391
610;0.0417716391
611;0.0417765789
612;0.0417765789
613;0.0417720713
614;0.0417637564
615;0.0417637564
616;0.0417637564
617;0.0417637564
618;0.0417460911
619;0.0417377129
620;0.0417349301
621;0.0417349301
622;0.0417349301
623;0.0417349301
624;0.0417349301
625;0.0417349301
626;0.0417841710
627;0.0417417698
628;0.0417607129
629;0.0417607129
630;0.0417627320
631;0.0417397022
632;0.0417358018
633;0.0417358018
634;0.0417358018
635;0.0417830609
636;0.0417357981
637;0.0417457670
638;0.0417962559
639;0.0417504571
640;0.0417504571
641;0.0417989083
642;0.0417989083
643;0.0417989083
644;0.0417971872
645;0.0417714082
646;0.0417714082
647;0.0417714082
648;0.0417714082
649;0.0417714082
650;0.0417714082
651;0.0417714082
652;0.0417714082
653;0.0417714082
654;0.0417714082
655;0.0417714082
656;0.0417747609
657;0.0417747609
658;0.0417747609
659;0.0417747609
660;0.0417747609
661;0.0417747609
662;0.0417747609
663;0.0417747609
664;0.0417661071
665;0.0417661071
666;0.0417685322
667;0.0417685322
668;0.0417685322
669;0.0417685322
670;0.0417685322
671;0.0417685322
672;0.0417685322
673;0.0417685322
674;0.0417685322
675;0.0417602770
676;0.0417602770
677;0.0417663567
678;0.0417692102
679;0.0417692102
680;0.0417692102
681;0.0417851619
682;0.0417884700
683;0.0417884700
684;0.0418377295
685;0.0418377295
686;0.0418377295
687;0.0417871997
688;0.0417871997
689;0.0418331996
690;0.0417871997
691;0.0418134965
692;0.0418134965
693;0.0418186262
694;0.0418186262
695;0.0419311747
696;0.0419311747
697;0.0419311747
698;0.0419311747
699;0.0419311747
700;0.0419311747
701;0.0419311747
702;0.0419311747
703;0.0419311747
704;0.0419415720
705;0.0419415720
706;0.0418443419
707;0.0418443419
708;0.0418443419
709;0.0418386161
710;0.0418386161
711;0.0418326817
712;0.0418326817
713;0.0418275930
714;0.0418593325
715;0.0418593325
716;0.0418241173
717;0.0418397710
718;0.0418397710
719;0.0418397710
720;0.0418397710
721;0.0418397710
722;0.0418293960
723;0.0418293960
724;0.0418293960
725;0.0418293960
726;0.0418293960
727;0.0418293960
728;0.0418293960
729;0.0418293960
730;0.0418293960
731;0.0418234803
732;0.0418240800
733;0.0418163091
734;0.0418163091
735;0.0418163091
736;0.0418163091
737;0.0418054573
738;0.0418204255
739;0.0418533199
740;0.0418054573
741;0.0418054573
742;0.0418054573
743;0.0418054573
744;0.0418218523
745;0.0418350808
746;0.0418350808
747;0.0418218523
748;0.0418218523
749;0.0418218523
750;0.0418218523
751;0.0418220088
752;0.0418218523
753;0.0418051109
754;0.0418051109
755;0.0417867936
756;0.0418023951
757;0.0418141149
758;0.0418141149
759;0.0418157279
760;0.0418157279
761;0.0418157279
762;0.0418145806
763;0.0418156832
764;0.0418156832
765;0.0418156832
766;0.0418223366
767;0.0418156832
768;0.0417703353
769;0.0417703353
770;0.0417703353
771;0.0417703353
772;0.0417703353
773;0.0417703353
774;0.0417703353
775;0.0417703353
776;0.0417703353
777;0.0417703353
778;0.0417703353
779;0.0417832062
780;0.0417832062
781;0.0417703353
782;0.0417703353
783;0.0417703353
784;0.0418003947
785;0.0418003947
786;0.0418003947
787;0.0417703353
788;0.0417703353
789;0.0417703353
790;0.0417951085
791;0.0417951085
792;0.0417703353
793;0.0417703353
794;0.0417708904
795;0.0417708904
796;0.0417708904
797;0.0417708904
798;0.0417708904
799;0.0417423733
800;0.0418259017
801;0.0417504832
802;0.0417691618
803;0.0417691618
804;0.0417886861
805;0.0417886861
806;0.0417886861
807;0.0417829566
808;0.0418583415
809;0.0417829566
810;0.0417829566
811;0.0417829566
812;0.0417829566
813;0.0417829566
814;0.0417618752
815;0.0417618752
816;0.0417618752
817;0.0417618752
818;0.0417373739
819;0.0417785943
820;0.0417785943
821;0.0417406447
822;0.0417864881
823;0.0417823344
824;0.0417823344
825;0.0417823941
826;0.0417823941
827;0.0417823941
828;0.0417823941
829;0.0417823941
830;0.0417823941
831;0.0417823941
832;0.0417406447
833;0.0417406447
834;0.0417201295
835;0.0417300165
836;0.0417300165
837;0.0417300165
838;0.0417329706
839;0.0417329706
840;0.0417329706
841;0.0417376459
842;0.0417329706
843;0.0417338125
844;0.0417329706
845;0.0417329706
846;0.0417329706
847;0.0417329706
848;0.0417329706
849;0.0417329706
850;0.0417329706
851;0.0417912193
852;0.0417185687
853;0.0417185687
854;0.0417185687
855;0.0417168625
856;0.0417148024
857;0.0417057052
858;0.0417057052
859;0.0417120680
860;0.0417120680
861;0.0417120680
862;0.0417135060
863;0.0417135060
864;0.0417135060
865;0.0416797176
866;0.0416977778
867;0.0416977778
868;0.0416977778
869;0.0416977778
870;0.0416891798
871;0.0416891798
872;0.0417190567
873;0.0417190567
874;0.0417190567
875;0.0417190567
876;0.0417190567
877;0.0417190567
878;0.0417230166
879;0.0417469740
880;0.0417469740
881;0.0417469740
882;0.0417230166
883;0.0417192392
884;0.0417192392
885;0.0417192392
886;0.0417077467
887;0.0417077467
888;0.0417077467
889;0.0417077467
890;0.0417077467
891;0.0417077467
892;0.0417077467
893;0.0417254977
894;0.0417254977
895;0.0417254977
896;0.0417254977
897;0.0417254977
898;0.0417254977
899;0.0417254977
900;0.0417077467
901;0.0417156667
902;0.0417156667
903;0.0417156667
904;0.0417396203
905;0.0417396203
906;0.0417140946
907;0.0417140946
908;0.0417140946
909;0.0417206883
910;0.0417265855
911;0.0417265855
912;0.0417484939
913;0.0417484939
914;0.0417416766
915;0.0417282358
916;0.0417278931
917;0.0417265855
918;0.0417914987
919;0.0417914987
920;0.0417914987
921;0.0417914987
922;0.0417914987
923;0.0417946912
924;0.0417946912
925;0.0417946912
926;0.0417946912
927;0.0417666920
928;0.0417666920
929;0.0417299792
930;0.0417243689
931;0.0417243689
932;0.0418002047
933;0.0417845324
934;0.0417845324
935;0.0417243689
936;0.0417218059
937;0.0417218059
938;0.0417070948
939;0.0417228341
940;0.0417167395
941;0.0417167395
942;0.0417167395
943;0.0417167395
944;0.0417085178
945;0.0417085178
946;0.0417214036
947;0.0417214036
948;0.0417043790
949;0.0417043790
950;0.0417043790
951;0.0417043790
952;0.0417015254
953;0.0417315289
954;0.0417315289
955;0.0417315289
956;0.0417312607
957;0.0417312607
958;0.0417312607
959;0.0417312607
960;0.0417312607
961;0.0417312607
962;0.0417378210
963;0.0417378210
964;0.0417378210
965;0.0417378210
966;0.0417372733
967;0.0417372733
968;0.0417372733
969;0.0417372733
970;0.0417634323
971;0.0417372733
972;0.0417142734
973;0.0417101495
974;0.0417101495
975;0.0417183302
976;0.0417183302
977;0.0417107120
978;0.0417107120
979;0.0417107120
980;0.0417107120
981;0.0417089611
982;0.0417041704
983;0.0417041704
984;0.0417041704
985;0.0417041704
986;0.0417041704
987;0.0417168364
988;0.0417168364
989;0.0417168364
990;0.0417072922
991;0.0417072922
992;0.0417072922
993;0.0417072922
994;0.0417072922
995;0.0417008698
996;0.0417008698
997;0.0417008698
998;0.0417008698
999;0.0417008698
1000;0.0417008698
1001;0.0417008698
1002;0.0417008698
1003;0.0417008698
1004;0.0416803621
1005;0.0416800082
1006;0.0416800082
1007;0.0416800082
1008;0.0416800082
1009;0.0416802466
1010;0.0416835099
1011;0.0416915119
1012;0.0416800082
1013;0.0416800082
1014;0.0417038128
1015;0.0417038128
1016;0.0416800082
1017;0.0416661985
1018;0.0416727886
1019;0.0416699313
1020;0.0416793711
1021;0.0416793711
1022;0.0416793711
1023;0.0416793711
1024;0.0416793711
1025;0.0416793711
1026;0.0416793711
1027;0.0416793711
1028;0.0416797511
1029;0.0416793711
1030;0.0416766927
1031;0.0417205021
1032;0.0416834056
1033;0.0416766927
1034;0.0416766927
1035;0.0416766927
1036;0.0416832455
1037;0.0416790433
1038;0.0416790433
1039;0.0416790433
1040;0.0416723378
1041;0.0416723378
1042;0.0416746996
1043;0.0416732989
1044;0.0416724235
1045;0.0416753516
1046;0.0416753516
1047;0.0416936204
1048;0.0416936204
1049;0.0416936204
1050;0.0416840948
1051;0.0416902453
1052;0.0417079255
1053;0.0417079255
1054;0.0416723378
1055;0.0416670255
1056;0.0416670255
1057;0.0416670255
1058;0.0416670255
1059;0.0416670255
1060;0.0416715816
1061;0.0416715816
1062;0.0416656621
1063;0.0416656621
1064;0.0416656621
1065;0.0416772589
1066;0.0416772589
1067;0.0416656621
1068;0.0416656621
1069;0.0416710712
1070;0.0416710712
1071;0.0416710712
1072;0.0416710712
1073;0.0416710712
1074;0.0416630097
1075;0.0416630097
1076;0.0416621380
1077;0.0416621380
1078;0.0416621380
1079;0.0416621380
1080;0.0416930765
1081;0.0416930765
1082;0.0416654646
1083;0.0416654646
1084;0.0416745245
1085;0.0416745245
1086;0.0416745245
1087;0.0416745245
1088;0.0416745245
1089;0.0416745245
1090;0.0416730270
1091;0.0416730270
1092;0.0416631997
1093;0.0416631997
1094;0.0416631997
1095;0.0416631997
1096;0.0416457243
1097;0.0416457243
1098;0.0416271761
1099;0.0416049957
1100;0.0416091532
1101;0.0416091532
1102;0.0416091532
1103;0.0415966101
1104;0.0415966101
1105;0.0416092984
1106;0.0416168235
1107;0.0416168235
1108;0.0416168235
1109;0.0416397117
1110;0.0416397117
1111;0.0416168235
1112;0.0416168235
1113;0.0416168235
1114;0.0416382477
1115;0.0416168235
1116;0.0416168235
1117;0.0416168235
1118;0.0416168235
1119;0.0416486971
1120;0.0416486971
1121;0.0416486971
1122;0.0416486971
1123;0.0416213833
1124;0.0416229516
1125;0.0416229516
1126;0.0416229516
1127;0.0416229516
1128;0.0416229516
1129;0.0416638218
1130;0.0416638218
1131;0.0416638218
1132;0.0416715816
1133;0.0416638218
1134;0.0416355841
1135;0.0416355841
1136;0.0416355841
1137;0.0416438580
1138;0.0416229516
1139;0.0416465215
1140;0.0416465215
1141;0.0416441150
1142;0.0416441150
1143;0.0416441150
1144;0.0416441150
1145;0.0416441150
1146;0.0416441150
1147;0.0416685529
1148;0.0416625552
1149;0.0416625552
1150;0.0416482240
1151;0.0416482240
1152;0.0416482240
1153;0.0416482240
1154;0.0416245982
1155;0.0416245982
1156;0.0416497737
1157;0.0416245982
1158;0.0416577011
1159;0.0416577011
1160;0.0416577011
1161;0.0416577011
1162;0.0416577011
1163;0.0416577011
1164;0.0416771509
1165;0.0416771509
1166;0.0416779891
1167;0.0416779891
1168;0.0416779891
1169;0.0416779891
1170;0.0416779891
1171;0.0416779891
1172;0.0416658856
1173;0.0416658856
1174;0.0416658856
1175;0.0416658856
1176;0.0416391492
1177;0.0416492298
1178;0.0416524261
1179;0.0416446328
1180;0.0416477062
1181;0.0416844822
1182;0.0416477062
1183;0.0416609794
1184;0.0416924767
1185;0.0416924767
1186;0.0416908562
1187;0.0416639596
1188;0.0416639596
1189;0.0416639596
1190;0.0416639596
1191;0.0416639596
1192;0.0416604802
1193;0.0416422673
1194;0.0416438021
1195;0.0416340716
1196;0.0416340716
1197;0.0416429788
1198;0.0416850746
1199;0.0416617468
1200;0.0416617468
1201;0.0416617468
1202;0.0416621827
1203;0.0416621827
1204;0.0416621827
1205;0.0416666381
1206;0.0416617468
1207;0.0416617468
1208;0.0416763462
1209;0.0416763462
1210;0.0416763462
1211;0.0416763462
1212;0.0416763462
1213;0.0416763462
1214;0.0416763462
1215;0.0416866578
1216;0.0416866578
1217;0.0416866578
1218;0.0416866578
1219;0.0417240262
1220;0.0417204648
1221;0.0417204648
1222;0.0417204648
1223;0.0416832753
1224;0.0416781493
1225;0.0416704044
1226;0.0416704044
1227;0.0416704044
1228;0.0416704044
1229;0.0416704044
1230;0.0416657887
1231;0.0417182818
1232;0.0417182818
1233;0.0417182818
1234;0.0416657887
1235;0.0416696519
1236;0.0416657887
1237;0.0416540168
1238;0.0416540168
1239;0.0416540168
1240;0.0416471176
1241;0.0416477360
1242;0.0416471176
1243;0.0416856445
1244;0.0416757688
1245;0.0416757688
1246;0.0416935384
1247;0.0416935384
1248;0.0416516773
1249;0.0416516773
1250;0.0416516773
1251;0.0416601971
1252;0.0416614823
1253;0.0416909605
1254;0.0416614823
1255;0.0416614823
1256;0.0416614823
1257;0.0416729376
1258;0.0416614823
1259;0.0416614823
1260;0.0416614823
1261;0.0416614823
1262;0.0416614823
1263;0.0416614823
1264;0.0416614823
1265;0.0416606292
1266;0.0416606292
1267;0.0416606292
1268;0.0416440517
1269;0.0416413397
1270;0.0416420363
1271;0.0416593179
1272;0.0416593179
1273;0.0416593179
1274;0.0416593179
1275;0.0416593179
1276;0.0416593179
1277;0.0416578390
1278;0.0416578390
1279;0.0416578390
1280;0.0416241698
1281;0.0416241698
1282;0.0416241698
1283;0.0416200198
1284;0.0416200198
1285;0.0416089296
1286;0.0416089296
1287;0.0416089296
1288;0.0416089296
1289;0.0416089296
1290;0.0416137837
1291;0.0416089296
1292;0.0416065603
1293;0.0416065603
1294;0.0415939577
1295;0.0415939577
1296;0.0415939577
1297;0.0415939577
1298;0.0416036882
1299;0.0416158512
1300;0.0416036882
1301;0.0416140668
1302;0.0416140668
1303;0.0416140668
1304;0.0416140668
1305;0.0416140668
1306;0.0416140668
1307;0.0416065939
1308;0.0416143760
1309;0.0416370407
1310;0.0416253805
1311;0.0416253805
1312;0.0416253805
1313;0.0415715910
1314;0.0415735468
1315;0.0415735468
1316;0.0415693037
1317;0.0415693037
1318;0.0415747613
1319;0.0415729322
1320;0.0416010581
1321;0.0416321866
1322;0.0416321866
1323;0.0416321866
1324;0.0416027941
1325;0.0416027941
1326;0.0416027941
1327;0.0416027941
1328;0.0416027941
1329;0.0416027941
1330;0.0416027941
1331;0.0416027941
1332;0.0416027941
1333;0.0416027941
1334;0.0415998735
1335;0.0416276529
1336;0.0416109040
1337;0.0416116603
1338;0.0416109040
1339;0.0415998735
1340;0.0415998735
1341;0.0415998735
1342;0.0415998735
1343;0.0415998735
1344;0.0415907390
1345;0.0415906943
1346;0.0415906943
1347;0.0415906943
1348;0.0415902138
1349;0.0415778197
1350;0.0415778197
1351;0.0415778197
1352;0.0415778197
1353;0.0415927134
1354;0.0415927134
1355;0.0415927134
1356;0.0415778197
1357;0.0415778197
1358;0.0415778197
1359;0.0415778197
1360;0.0415778197
1361;0.0415778197
1362;0.0415778197
1363;0.0415778197
1364;0.0415778197
1365;0.0415778197
1366;0.0415709354
1367;0.0415709354
1368;0.0415785275
1369;0.0416081063
1370;0.0416086651
1371;0.0415970199
1372;0.0415938199
1373;0.0415938199
1374;0.0415938199
1375;0.0416022874
1376;0.0415938199
1377;0.0416001603
1378;0.0415938199
1379;0.0415938199
1380;0.0415935777
1381;0.0415807441
1382;0.0415874720
1383;0.0415874720
1384;0.0415874720
1385;0.0416186079
1386;0.0415807441
1387;0.0415807441
1388;0.0416381992
1389;0.0416381992
1390;0.0416381992
1391;0.0416426435
1392;0.0416412987
1393;0.0416412987
1394;0.0415983833
1395;0.0415983833
1396;0.0415983833
1397;0.0416238904
1398;0.0416238904
1399;0.0416238904
1400;0.0416238904
1401;0.0416238904
1402;0.0416238904
1403;0.0416194573
1404;0.0416194573
1405;0.0416194573
1406;0.0416194573
1407;0.0416194573
1408;0.0416194573
1409;0.0416622683
1410;0.0416622683
1411;0.0416622683
1412;0.0416622683
1413;0.0416622683
1414;0.0416622683
1415;0.0416622683
1416;0.0416622683
1417;0.0416622683
1418;0.0416389704
1419;0.0416622981
1420;0.0416622981
1421;0.0416622981
1422;0.0416805297
1423;0.0416805297
1424;0.0416805297
1425;0.0416805297
1426;0.0416805297
1427;0.0416805297
1428;0.0416805297
1429;0.0416805297
1430;0.0416805297
1431;0.0416805297
1432;0.0416805297
1433;0.0416632071
1434;0.0416632071
1435;0.0416690707
1436;0.0416690707
1437;0.0416690707
1438;0.0416286401
1439;0.0416716598
1440;0.0416716598
1441;0.0416716598
1442;0.0416716598
1443;0.0416635200
1444;0.0416635200
1445;0.0416729376
1446;0.0416729376
1447;0.0416729376
1448;0.0416729376
1449;0.0417156853
1450;0.0417156853
1451;0.0416729376
1452;0.0416729376
1453;0.0417239480
1454;0.0417239480
1455;0.0417239480
1456;0.0417239480
1457;0.0417013951
1458;0.0417013951
1459;0.0417013951
1460;0.0416321456
1461;0.0416003875
1462;0.0416026041
1463;0.0416019931
1464;0.0416209549
1465;0.0416209549
1466;0.0416192748
1467;0.0416192748
1468;0.0416192748
1469;0.0416192748
1470;0.0416192748
1471;0.0416192748
1472;0.0416441597
1473;0.0416192748
1474;0.0416192748
1475;0.0416192748
1476;0.0416125394
1477;0.0416125394
1478;0.0416125394
1479;0.0416083187
1480;0.0416286103
1481;0.0416286103
1482;0.0416286103
1483;0.0416286103
1484;0.0416114070
1485;0.0416114070
1486;0.0416288450
1487;0.0416241884
1488;0.0416359194
1489;0.0416368507
1490;0.0416368507
1491;0.0416368507
1492;0.0416368507
1493;0.0416368507
1494;0.0416270159
1495;0.0416270159
1496;0.0416308306
1497;0.0416308306
1498;0.0416505001
1499;0.0416270159
1500;0.0416270159
1501;0.0416270159
1502;0.0416270159
1503;0.0416270159
1504;0.0416270159
1505;0.0416270159
1506;0.0416270159
1507;0.0416270159
1508;0.0416270159
1509;0.0416035987
1510;0.0416260362
1511;0.0416260362
1512;0.0416260362
1513;0.0416260362
1514;0.0416260362
1515;0.0416260362
1516;0.0416129790
1517;0.0416227207
1518;0.0416345596
1519;0.0416227207
1520;0.0416227207
1521;0.0416227207
1522;0.0416227207
1523;0.0417007208
1524;0.0417007208
1525;0.0416552015
1526;0.0416552015
1527;0.0416552015
1528;0.0416552015
1529;0.0416552015
1530;0.0416552015
1531;0.0416552015
1532;0.0416552015
1533;0.0416552015
1534;0.0416552015
1535;0.0417056829
1536;0.0417056829
1537;0.0417056829
1538;0.0417056829
1539;0.0417056829
1540;0.0417056829
1541;0.0417056829
1542;0.0417056829
1543;0.0417056829
1544;0.0417914726
1545;0.0417056829
1546;0.0417056829
1547;0.0416851677
1548;0.0416711308
1549;0.0416735075
1550;0.0416735075
1551;0.0416735075
1552;0.0416735075
1553;0.0416735075
1554;0.0416735075
1555;0.0416735075
1556;0.0416494757
1557;0.0416494757
1558;0.0416494757
1559;0.0416494757
1560;0.0416494757
1561;0.0416533649
1562;0.0416533649
1563;0.0416533649
1564;0.0416533649
1565;0.0416533649
1566;0.0416533649
1567;0.0416533649
1568;0.0416533649
1569;0.0416533649
1570;0.0416311882
1571;0.0416311882
1572;0.0416311882
1573;0.0416490622
1574;0.0416710563
1575;0.0416311882
1576;0.0416311882
1577;0.0416311882
1578;0.0416311882
1579;0.0415939055
1580;0.0415902324
1581;0.0415902324
1582;0.0416226573
1583;0.0416265763
1584;0.0416265763
1585;0.0416265763
1586;0.0416265763
1587;0.0416265763
1588;0.0416265763
1589;0.0416392386
1590;0.0416392386
1591;0.0416392386
1592;0.0416392386
1593;0.0416392386
1594;0.0416392386
1595;0.0416449979
1596;0.0416449979
1597;0.0416449979
1598;0.0416392386
1599;0.0416392386
1600;0.0416392386
1601;0.0416392386
1602;0.0416289121
1603;0.0416646041
1604;0.0416646041
1605;0.0416646041
1606;0.0416646041
1607;0.0416646041
1608;0.0416646041
1609;0.0416646041
1610;0.0416646041
1611;0.0416653752
1612;0.0416653752
1613;0.0416583493
1614;0.0416583493
1615;0.0416583493
1616;0.0415997393
1617;0.0415997393
1618;0.0416354388
1619;0.0415941961
1620;0.0415941961
1621;0.0415941961
1622;0.0415941961
1623;0.0415941961
1624;0.0415941961
1625;0.0415949151
1626;0.0415967107
1627;0.0415949151
1628;0.0416191369
1629;0.0416191369
1630;0.0415813215
1631;0.0415813215
1632;0.0416060761
1633;0.0415763035
1634;0.0415763035
1635;0.0415956043
1636;0.0415956043
1637;0.0415956043
1638;0.0415956043
1639;0.0415956043
1640;0.0416153707
1641;0.0416048206
1642;0.0416183770
1643;0.0416048206
1644;0.0416048206
1645;0.0416048206
1646;0.0416728109
1647;0.0416728109
1648;0.0416728109
1649;0.0416728109
1650;0.0416728109
1651;0.0416396447
1652;0.0417029411
1653;0.0417029411
1654;0.0416378789
1655;0.0416513979
1656;0.0416513979
1657;0.0416357927
1658;0.0416357927
1659;0.0416357927
1660;0.0416373275
1661;0.0416373275
1662;0.0416373275
1663;0.0416357927
1664;0.0416357927
1665;0.0416357927
1666;0.0416407995
1667;0.0416357927
1668;0.0416357927
1669;0.0416357927
1670;0.0416357927
1671;0.0416357927
1672;0.0416385010
1673;0.0416385010
1674;0.0416655652
1675;0.0416655652
1676;0.0416357927
1677;0.0416357927
1678;0.0416357927
1679;0.0416228399
1680;0.0416146331
1681;0.0416146331
1682;0.0416150913
1683;0.0416150913
1684;0.0416225940
1685;0.0416225940
1686;0.0416541435
1687;0.0416541435
1688;0.0416146480
1689;0.0416301712
1690;0.0416146480
1691;0.0416146480
1692;0.0416146480
1693;0.0416507721
1694;0.0416507721
1695;0.0416507721
1696;0.0416507721
1697;0.0416507721
1698;0.0416507721
1699;0.0416507721
1700;0.0416507721
1701;0.0416249856
1702;0.0416668281
1703;0.0416668281
1704;0.0416668281
1705;0.0416668281
1706;0.0416668281
1707;0.0416928269
1708;0.0416895524
1709;0.0416895524
1710;0.0416891836
1711;0.0416891836
1712;0.0416891836
1713;0.0416891836
1714;0.0416891836
1715;0.0416891836
1716;0.0416891836
1717;0.0416964516
1718;0.0416964516
1719;0.0416964516
1720;0.0416964516
1721;0.0416848511
1722;0.0416848511
1723;0.0416848511
1724;0.0416729003
1725;0.0416729003
1726;0.0416729003
1727;0.0416729003
1728;0.0416729003
1729;0.0416729003
1730;0.0417086706
1731;0.0416958630
1732;0.0416958630
1733;0.0417129882
1734;0.0417129882
1735;0.0417129882
1736;0.0416664407
1737;0.0416624993
1738;0.0416730270
1739;0.0417007133
1740;0.0417007133
1741;0.0417007133
1742;0.0416769795
1743;0.0416769795
1744;0.0416786820
1745;0.0416792780
1746;0.0416947305
1747;0.0416849814
1748;0.0416960046
1749;0.0416960046
1750;0.0417070165
1751;0.0417070165
1752;0.0417070165
1753;0.0417070165
1754;0.0417070165
1755;0.0417070165
1756;0.0416911840
1757;0.0416911840
1758;0.0416911840
1759;0.0416911840
1760;0.0416911840
1761;0.0416911840
1762;0.0416449942
1763;0.0416449942
1764;0.0416412316
1765;0.0416412316
1766;0.0416412316
1767;0.0416458100
1768;0.0416517742
1769;0.0416458100
1770;0.0416458100
1771;0.0416605882
1772;0.0416308939
1773;0.0416565835
1774;0.0416227542
1775;0.0416440740
1776;0.0416392647
1777;0.0416392647
1778;0.0416392647
1779;0.0416395441
1780;0.0416395441
1781;0.0416441411
1782;0.0416441411
1783;0.0416441411
1784;0.0416441411
1785;0.0416441411
1786;0.0416441411
1787;0.0416441411
1788;0.0416697860
1789;0.0416697860
1790;0.0416697860
1791;0.0416697860
1792;0.0416697860
1793;0.0416697860
1794;0.0416743234
1795;0.0417016409
1796;0.0417016409
1797;0.0416609272
1798;0.0416685790
1799;0.0416685790
1800;0.0416609272
1801;0.0416609272
1802;0.0416609272
1803;0.0416609272
1804;0.0416609272
1805;0.0416609272
1806;0.0416777469
1807;0.0416777469
1808;0.0416777469
1809;0.0416777469
1810;0.0416777469
1811;0.0416777469
1812;0.0416777469
1813;0.0416802540
1814;0.0416802540
1815;0.0416777469
1816;0.0416777469
1817;0.0416777469
1818;0.0416777469
1819;0.0416777469
1820;0.0416655727
1821;0.0416852646
1822;0.0416837074
1823;0.0416655727
1824;0.0416569151
1825;0.0416569151
1826;0.0416579172
1827;0.0416547991
1828;0.0416547991
1829;0.0416727141
1830;0.0416727141
1831;0.0416425690
1832;0.0416425690
1833;0.0416425690
1834;0.0416445918
1835;0.0416750461
1836;0.0416750461
1837;0.0416750461
1838;0.0416750461
1839;0.0416750461
1840;0.0416750461
1841;0.0416706093
1842;0.0416706093
1843;0.0416706093
1844;0.0416706093
1845;0.0416706093
1846;0.0416885838
1847;0.0416776352
1848;0.0416776352
1849;0.0416721329
1850;0.0416721329
1851;0.0416884199
1852;0.0416884199
1853;0.0416884199
1854;0.0416884199
1855;0.0416721329
1856;0.0416491516
1857;0.0416503884
1858;0.0416503884
1859;0.0416515097
1860;0.0416741334
1861;0.0416741334
1862;0.0416771248
1863;0.0416741334
1864;0.0416741334
1865;0.0416741334
1866;0.0416786820
1867;0.0416786820
1868;0.0416786820
1869;0.0416786820
1870;0.0416741334
1871;0.0416741334
1872;0.0416741334
1873;0.0416292623
1874;0.0416237973
1875;0.0416237973
1876;0.0416238345
1877;0.0416149199
1878;0.0416149199
1879;0.0416137427
1880;0.0416214280
1881;0.0416214280
1882;0.0416361727
1883;0.0416214280
1884;0.0416247584
1885;0.0416252576
1886;0.0416247584
1887;0.0416459367
1888;0.0416492969
1889;0.0416287780
1890;0.0416332781
1891;0.0416332781
1892;0.0416332781
1893;0.0416558199
1894;0.0416325741
1895;0.0416325741
1896;0.0416332148
1897;0.0416440144
1898;0.0416324623
1899;0.0416194387
1900;0.0416185744
1901;0.0416295715
1902;0.0416185744
1903;0.0416391119
1904;0.0416391119
1905;0.0416391119
1906;0.0416197926
1907;0.0416277833
1908;0.0416339263
1909;0.0416339263
1910;0.0416339263
1911;0.0416339263
1912;0.0416277833
1913;0.0416277833
1914;0.0416301563
1915;0.0416301563
1916;0.0416301563
1917;0.0416301563
1918;0.0416301563
1919;0.0416617729
1920;0.0416617729
1921;0.0416617729
1922;0.0416617729
1923;0.0416773297
1924;0.0416773297
1925;0.0416617729
1926;0.0416617729
1927;0.0416617729
1928;0.0416617729
1929;0.0416617729
1930;0.0416617729
1931;0.0416617729
1932;0.0416617729
1933;0.0416073948
1934;0.0416073948
1935;0.0416107811
1936;0.0416107811
1937;0.0416218974
1938;0.0416218974
1939;0.0416218974
1940;0.0416218974
1941;0.0416179225
1942;0.0416179225
1943;0.0416516624
1944;0.0416516624
1945;0.0416307226
1946;0.0416496694
1947;0.0416496694
1948;0.0416496694
1949;0.0416555740
1950;0.0416555740
1951;0.0416555740
1952;0.0416496694
1953;0.0416140817
1954;0.0416228436
1955;0.0416228436
1956;0.0416228436
1957;0.0416228436
1958;0.0416215397
1959;0.0416170545
1960;0.0416140929
1961;0.0416259654
1962;0.0416259654
1963;0.0416644625
1964;0.0416435637
1965;0.0416435637
1966;0.0416435637
1967;0.0416435637
1968;0.0416327715
1969;0.0416327715
1970;0.0416327715
1971;0.0416327715
1972;0.0416327715
1973;0.0416327715
1974;0.0416327715
1975;0.0416327715
1976;0.0416379794
1977;0.0416327715
1978;0.0416327715
1979;0.0416327715
1980;0.0416242741
1981;0.0416242741
1982;0.0416201353
1983;0.0416201353
1984;0.0416201353
1985;0.0416201353
1986;0.0416297317
1987;0.0416644700
1988;0.0416644700
1989;0.0416644700
1990;0.0416644700
1991;0.0416644700
1992;0.0416644700
1993;0.0416644700
1994;0.0416644700
1995;0.0415999964
1996;0.0416225195
1997;0.0416000299
1998;0.0416014493
1999;0.0416250750
2000;0.0416250750
