Generación;Mejor Fitness
1;0.0420765281
2;0.0421375148
3;0.0421622247
4;0.0421971381
5;0.0422077551
6;0.0422255993
7;0.0423894338
8;0.0423972830
9;0.0424420126
10;0.0424463861
11;0.0425009839
12;0.0425252803
13;0.0425339751
14;0.0425773226
15;0.0426565930
16;0.0428323597
17;0.0428387374
18;0.0428515896
19;0.0428697579
20;0.0428755246
21;0.0428852364
22;0.0428999513
23;0.0429062545
24;0.0429094061
25;0.0429269858
26;0.0429281220
27;0.0429519787
28;0.0429680347
29;0.0429743342
30;0.0429767482
31;0.0429850593
32;0.0430340655
33;0.0430496894
34;0.0431037210
35;0.0431814939
36;0.0431869887
37;0.0432018526
38;0.0432133749
39;0.0432223529
40;0.0432374217
41;0.0432612076
42;0.0432628691
43;0.0433223322
44;0.0433715917
45;0.0433887132
46;0.0433940962
47;0.0434072539
48;0.0434128009
49;0.0434145406
50;0.0434250832
51;0.0435668752
52;0.0435800180
53;0.0436213389
54;0.0436387435
55;0.0436518043
56;0.0436604396
57;0.0436643809
58;0.0436666273
59;0.0437000059
60;0.0437050201
61;0.0437174141
62;0.0437239967
63;0.0437459871
64;0.0437579975
65;0.0437750407
66;0.0437755249
67;0.0437834524
68;0.0437861197
69;0.0438347496
70;0.0438378155
71;0.0438990407
72;0.0439010710
73;0.0439040549
74;0.0439103171
75;0.0439147428
76;0.0439160690
77;0.0439181849
78;0.0439239927
79;0.0439428240
80;0.0439507999
81;0.0439589657
82;0.0439702570
83;0.0439705141
84;0.0439873971
85;0.0439906716
86;0.0439954624
87;0.0440016948
88;0.0440077372
89;0.0440169014
90;0.0440210029
91;0.0440254286
92;0.0440292209
93;0.0442286246
94;0.0442442968
95;0.0442977287
96;0.0443182997
97;0.0443190150
98;0.0443214774
99;0.0443242602
100;0.0443265438
101;0.0443318225
102;0.0443410166
103;0.0443424657
104;0.0443430953
105;0.0443485491
106;0.0443494953
107;0.0443595722
108;0.0443636887
109;0.0443650000
110;0.0443733297
111;0.0443858095
112;0.0443874449
113;0.0443889424
114;0.0444037579
115;0.0444062017
116;0.0444147289
117;0.0444155373
118;0.0444201417
119;0.0444209538
120;0.0444235317
121;0.0444236249
122;0.0444475412
123;0.0444796868
124;0.0445042625
125;0.0445067473
126;0.0445127040
127;0.0445557572
128;0.0445615910
129;0.0445799865
130;0.0445802435
131;0.0445847549
132;0.0445916615
133;0.0445919037
134;0.0446056500
135;0.0446090624
136;0.0446642376
137;0.0446651913
138;0.0446867868
139;0.0446914844
140;0.0446987525
141;0.0447001271
142;0.0447132885
143;0.0447277501
144;0.0447280779
145;0.0447295681
146;0.0447323062
147;0.0447397865
148;0.0447542109
149;0.0447574593
150;0.0447584391
151;0.0447590798
152;0.0447857901
153;0.0447863638
154;0.0447905548
155;0.0448052771
156;0.0448056124
157;0.0448087603
158;0.0448127650
159;0.0448136292
160;0.0448205173
161;0.0448335074
162;0.0448335521
163;0.0448390804
164;0.0448448993
165;0.0448455922
166;0.0448467359
167;0.0448776782
168;0.0448799916
169;0.0448799916
170;0.0448893271
171;0.0448896363
172;0.0448896587
173;0.0448897481
174;0.0448902585
175;0.0448905751
176;0.0448907129
177;0.0448986627
178;0.0448989086
179;0.0448998027
180;0.0448999181
181;0.0448999181
182;0.0449018925
183;0.0449023545
184;0.0449028313
185;0.0449059159
186;0.0449116565
187;0.0449559055
188;0.0449560247
189;0.0449582711
190;0.0449612811
191;0.0449810959
192;0.0450003482
193;0.0450028293
194;0.0450028516
195;0.0450078994
196;0.0450170860
197;0.0450193882
198;0.0450193882
199;0.0450246297
200;0.0450246483
201;0.0450249985
202;0.0450274609
203;0.0450274833
204;0.0450278297
205;0.0450406596
206;0.0450434573
207;0.0450457633
208;0.0450460389
209;0.0450460911
210;0.0450493954
211;0.0450769775
212;0.0450986437
213;0.0450988747
214;0.0451042168
215;0.0451091230
216;0.0451115072
217;0.0451313816
218;0.0451339707
219;0.0451869071
220;0.0451879688
221;0.0451989099
222;0.0451995507
223;0.0452004559
224;0.0452010334
225;0.0452011786
226;0.0452026762
227;0.0452029072
228;0.0452030525
229;0.0452045165
230;0.0452045277
231;0.0452087745
232;0.0452088416
233;0.0452099666
234;0.0452114306
235;0.0452190191
236;0.0452436246
237;0.0452437736
238;0.0452497639
239;0.0452982411
240;0.0452985205
241;0.0452987961
242;0.0452995375
243;0.0453067534
244;0.0453073867
245;0.0453134365
246;0.0453137904
247;0.0453138240
248;0.0453141928
249;0.0453157760
250;0.0453175530
251;0.0454130545
252;0.0454130545
253;0.0454290882
254;0.0454312786
255;0.0454319157
256;0.0454334058
257;0.0454338938
258;0.0454410501
259;0.0454441272
260;0.0454442836
261;0.0454489738
262;0.0454524271
263;0.0454634950
264;0.0454636924
265;0.0454909801
266;0.0454930514
267;0.0454930514
268;0.0455459766
269;0.0455531441
270;0.0455533452
271;0.0455539376
272;0.0455549620
273;0.0455552153
274;0.0455650985
275;0.0455674864
276;0.0455706716
277;0.0455711633
278;0.0455785729
279;0.0455792621
280;0.0455810055
281;0.0455810428
282;0.0455868207
283;0.0455868207
284;0.0455876924
285;0.0455877446
286;0.0455937088
287;0.0456187986
288;0.0456187986
289;0.0456204899
290;0.0456250831
291;0.0456270128
292;0.0456270128
293;0.0456277356
294;0.0456282385
295;0.0456283577
296;0.0456554182
297;0.0456645265
298;0.0456651486
299;0.0456668250
300;0.0456668250
301;0.0456674546
302;0.0456679650
303;0.0456679761
304;0.0456680618
305;0.0456690341
306;0.0456695482
307;0.0456695482
308;0.0456698015
309;0.0456719287
310;0.0456739515
311;0.0456739515
312;0.0456748940
313;0.0456777550
314;0.0456789359
315;0.0456882007
316;0.0456951708
317;0.0456951745
318;0.0456956923
319;0.0456975028
320;0.0456975438
321;0.0456975624
322;0.0457017981
323;0.0457047224
324;0.0457089730
325;0.0457090363
326;0.0457094535
327;0.0457094535
328;0.0457123369
329;0.0457127243
330;0.0457127243
331;0.0457131229
332;0.0457228050
333;0.0457277223
334;0.0457279086
335;0.0457308032
336;0.0457328893
337;0.0457376689
338;0.0457487218
339;0.0457487255
340;0.0457487255
341;0.0457518287
342;0.0457519181
343;0.0457522236
344;0.0457560904
345;0.0457564704
346;0.0457568727
347;0.0457777828
348;0.0457780138
349;0.0457784049
350;0.0457784049
351;0.0457793958
352;0.0457795262
353;0.0457821824
354;0.0457854569
355;0.0457859635
356;0.0457861684
357;0.0457981303
358;0.0458048210
359;0.0458080433
360;0.0458080657
361;0.0458080806
362;0.0458084196
363;0.0458085462
364;0.0458085462
365;0.0458093062
366;0.0458100587
367;0.0458110049
368;0.0458122194
369;0.0458122194
370;0.0458126403
371;0.0458243713
372;0.0458285883
373;0.0458324701
374;0.0458326563
375;0.0458330922
376;0.0458344333
377;0.0458348207
378;0.0458363220
379;0.0458363220
380;0.0458447523
381;0.0458465889
382;0.0458709337
383;0.0458765626
384;0.0458767079
385;0.0458769798
386;0.0459038988
387;0.0459063910
388;0.0459072478
389;0.0459146425
390;0.0459316298
391;0.0459321439
392;0.0459321439
393;0.0459322147
394;0.0459322408
395;0.0459322408
396;0.0459324345
397;0.0459325612
398;0.0459357649
399;0.0459447242
400;0.0459492616
401;0.0459498167
402;0.0460909940
403;0.0460909940
404;0.0461078696
405;0.0461078696
406;0.0461096689
407;0.0461124033
408;0.0461133644
409;0.0461133979
410;0.0461143106
411;0.0461200774
412;0.0461206064
413;0.0461221486
414;0.0461221486
415;0.0461380593
416;0.0461654291
417;0.0461654700
418;0.0461655259
419;0.0461758524
420;0.0461758599
421;0.0461768880
422;0.0461780801
423;0.0461805314
424;0.0461805612
425;0.0461811051
426;0.0461812168
427;0.0461812168
428;0.0461813584
429;0.0461824425
430;0.0462197289
431;0.0462247655
432;0.0462247655
433;0.0462252982
434;0.0462254509
435;0.0462254509
436;0.0462254509
437;0.0462254584
438;0.0462261625
439;0.0462273136
440;0.0462332331
441;0.0462344065
442;0.0462344177
443;0.0462344177
444;0.0462346114
445;0.0462353490
446;0.0462367684
447;0.0462367870
448;0.0462407432
449;0.0462407432
450;0.0462407544
451;0.0462445505
452;0.0462445505
453;0.0462449193
454;0.0462449193
455;0.0462462343
456;0.0462481976
457;0.0462499000
458;0.0462558456
459;0.0462589525
460;0.0462590866
461;0.0462597162
462;0.0462702028
463;0.0464178063
464;0.0464193523
465;0.0464200601
466;0.0464200601
467;0.0464201532
468;0.0464242510
469;0.0464242510
470;0.0464304052
471;0.0464478359
472;0.0464483723
473;0.0464483723
474;0.0464504883
475;0.0464528017
476;0.0464540906
477;0.0464540906
478;0.0464542918
479;0.0464565679
480;0.0464565679
481;0.0464571454
482;0.0464575328
483;0.0464575812
484;0.0464577265
485;0.0464577265
486;0.0464577265
487;0.0464577265
488;0.0464627035
489;0.0464627035
490;0.0464635156
491;0.0464642979
492;0.0464663841
493;0.0464665145
494;0.0464665145
495;0.0464665145
496;0.0464672633
497;0.0465075076
498;0.0465075076
499;0.0465076081
500;0.0465078130
501;0.0465108305
502;0.0465108305
503;0.0465108305
504;0.0465108305
505;0.0465108305
506;0.0465113968
507;0.0465117432
508;0.0465117432
509;0.0465134382
510;0.0465136282
511;0.0465138331
512;0.0465138331
513;0.0465138331
514;0.0465151742
515;0.0465151742
516;0.0465151742
517;0.0465152487
518;0.0465215705
519;0.0465218313
520;0.0465218313
521;0.0465218313
522;0.0465257950
523;0.0465258248
524;0.0465258434
525;0.0465287790
526;0.0465288721
527;0.0465289690
528;0.0465420820
529;0.0465433970
530;0.0465460345
531;0.0465461239
532;0.0465464219
533;0.0465479381
534;0.0465480573
535;0.0465486124
536;0.0465617776
537;0.0465755649
538;0.0465781651
539;0.0465805046
540;0.0465805344
541;0.0465806872
542;0.0465881228
543;0.0465882793
544;0.0465883277
545;0.0465887934
546;0.0465939604
547;0.0465940498
548;0.0465940498
549;0.0465941764
550;0.0465942286
551;0.0465954058
552;0.0465960242
553;0.0465979390
554;0.0465997159
555;0.0466003157
556;0.0466003157
557;0.0466012768
558;0.0466018766
559;0.0466019809
560;0.0466037765
561;0.0466041639
562;0.0466041937
563;0.0466041937
564;0.0466042012
565;0.0466042012
566;0.0466046818
567;0.0466047190
568;0.0466049723
569;0.0466049723
570;0.0466130637
571;0.0466130637
572;0.0466130786
573;0.0466130786
574;0.0466130786
575;0.0466152653
576;0.0466163978
577;0.0466164239
578;0.0466236509
579;0.0466236509
580;0.0466236547
581;0.0466236547
582;0.0466236547
583;0.0466253720
584;0.0466253720
585;0.0466269106
586;0.0466862619
587;0.0466870144
588;0.0466872938
589;0.0466873199
590;0.0466908999
591;0.0466918200
592;0.0466918200
593;0.0466920026
594;0.0466920026
595;0.0466920100
596;0.0466920920
597;0.0466977246
598;0.0466977246
599;0.0466977246
600;0.0467059538
601;0.0467061512
602;0.0467065312
603;0.0467095561
604;0.0467095561
605;0.0467098467
606;0.0467098467
607;0.0467104763
608;0.0467104912
609;0.0467107780
610;0.0467110910
611;0.0467110910
612;0.0467111096
613;0.0467116684
614;0.0467116684
615;0.0467116684
616;0.0467117019
617;0.0467117019
618;0.0467128269
619;0.0467130095
620;0.0467130095
621;0.0467130542
622;0.0467134938
623;0.0467134938
624;0.0467134938
625;0.0467134938
626;0.0467145741
627;0.0467145741
628;0.0467156507
629;0.0467158742
630;0.0467158742
631;0.0467158742
632;0.0467165932
633;0.0467185788
634;0.0467192344
635;0.0467219613
636;0.0467236824
637;0.0467236824
638;0.0467244796
639;0.0467247404
640;0.0467248783
641;0.0467251390
642;0.0467251576
643;0.0467251576
644;0.0467251576
645;0.0467251576
646;0.0467357002
647;0.0467357002
648;0.0467373058
649;0.0467374623
650;0.0467377417
651;0.0467391796
652;0.0467393994
653;0.0467395373
654;0.0467443094
655;0.0467446148
656;0.0467450470
657;0.0467450842
658;0.0467451774
659;0.0467451774
660;0.0467453673
661;0.0467462353
662;0.0467464142
663;0.0467464142
664;0.0467515662
665;0.0467515662
666;0.0467516035
667;0.0467549302
668;0.0467552096
669;0.0467558801
670;0.0467558801
671;0.0467559546
672;0.0467559546
673;0.0467639640
674;0.0467640087
675;0.0467640087
676;0.0467640311
677;0.0467640311
678;0.0467640311
679;0.0467642881
680;0.0467642881
681;0.0467655621
682;0.0467655957
683;0.0467657968
684;0.0467657968
685;0.0467662662
686;0.0467670485
687;0.0467670485
688;0.0467670485
689;0.0467670485
690;0.0467687659
691;0.0467692353
692;0.0467732139
693;0.0467774570
694;0.0467774570
695;0.0467774570
696;0.0467774756
697;0.0467774868
698;0.0467774868
699;0.0467774868
700;0.0467774868
701;0.0467774868
702;0.0467786156
703;0.0467786156
704;0.0467788428
705;0.0467788428
706;0.0467805713
707;0.0467862450
708;0.0467862450
709;0.0467863008
710;0.0467884764
711;0.0467884764
712;0.0467884764
713;0.0467892736
714;0.0467892736
715;0.0467906818
716;0.0468002744
717;0.0468002744
718;0.0468020625
719;0.0468078591
720;0.0468078591
721;0.0468078591
722;0.0468112305
723;0.0468112305
724;0.0468113944
725;0.0468114130
726;0.0468114130
727;0.0468127839
728;0.0468127839
729;0.0468127839
730;0.0468127839
731;0.0468127839
732;0.0468175523
733;0.0468180068
734;0.0468180515
735;0.0468180515
736;0.0468180515
737;0.0468183570
738;0.0468183570
739;0.0468183570
740;0.0468188711
741;0.0468188711
742;0.0468188711
743;0.0468196832
744;0.0468200520
745;0.0468200520
746;0.0468200520
747;0.0468200706
748;0.0468202420
749;0.0468202420
750;0.0468209982
751;0.0468209982
752;0.0468211025
753;0.0468261540
754;0.0468261540
755;0.0468443595
756;0.0468570925
757;0.0468593165
758;0.0468593761
759;0.0468610525
760;0.0468610525
761;0.0468610525
762;0.0468610525
763;0.0468639731
764;0.0468639731
765;0.0468639731
766;0.0468639731
767;0.0468639731
768;0.0468639731
769;0.0468639731
770;0.0468639731
771;0.0468646958
772;0.0468670614
773;0.0468673147
774;0.0468673259
775;0.0468675531
776;0.0468701497
777;0.0468719192
778;0.0468719192
779;0.0468725897
780;0.0468727164
781;0.0468727164
782;0.0468738936
783;0.0468738936
784;0.0468738936
785;0.0468739420
786;0.0468745828
787;0.0468751453
788;0.0468751453
789;0.0468784869
790;0.0468784869
791;0.0468788333
792;0.0468788743
793;0.0468788743
794;0.0468788743
795;0.0468791053
796;0.0468970984
797;0.0468970984
798;0.0468970984
799;0.0468975157
800;0.0468976684
801;0.0469087884
802;0.0469088852
803;0.0469088852
804;0.0469088852
805;0.0469091125
806;0.0469092764
807;0.0469104089
808;0.0469125472
809;0.0469129197
810;0.0469150171
811;0.0469150171
812;0.0469150171
813;0.0469150171
814;0.0469150282
815;0.0469150282
816;0.0469152369
817;0.0469154939
818;0.0469166897
819;0.0469174534
820;0.0469178371
821;0.0469178371
822;0.0469178371
823;0.0469178371
824;0.0469178371
825;0.0469188802
826;0.0469229184
827;0.0469229184
828;0.0469235145
829;0.0469242074
830;0.0469252840
831;0.0469261669
832;0.0469268262
833;0.0469284728
834;0.0469290689
835;0.0469290689
836;0.0469290689
837;0.0469290689
838;0.0469300970
839;0.0469301157
840;0.0469304211
841;0.0469321609
842;0.0469321683
843;0.0469321683
844;0.0469399653
845;0.0469399653
846;0.0469399653
847;0.0469399653
848;0.0469409935
849;0.0469409935
850;0.0469410159
851;0.0469410159
852;0.0469455868
853;0.0469457842
854;0.0469517522
855;0.0469517522
856;0.0469567217
857;0.0469567478
858;0.0469567887
859;0.0469572730
860;0.0469573215
861;0.0469573215
862;0.0469573326
863;0.0469573326
864;0.0469578803
865;0.0469578803
866;0.0469578803
867;0.0469578803
868;0.0469587222
869;0.0469589233
870;0.0469589233
871;0.0469589233
872;0.0469589233
873;0.0469604284
874;0.0469607413
875;0.0469608866
876;0.0469609909
877;0.0469610281
878;0.0469610281
879;0.0469639003
880;0.0469643027
881;0.0469650403
882;0.0469652489
883;0.0469663478
884;0.0469738878
885;0.0469782762
886;0.0469782762
887;0.0469782762
888;0.0469792970
889;0.0469792970
890;0.0469792970
891;0.0469793193
892;0.0469793193
893;0.0469806977
894;0.0469807051
895;0.0469814166
896;0.0469867438
897;0.0469867587
898;0.0469867587
899;0.0469871722
900;0.0469871759
901;0.0469871946
902;0.0469872616
903;0.0469872616
904;0.0469873138
905;0.0469875000
906;0.0469875000
907;0.0469875485
908;0.0469875559
909;0.0469875559
910;0.0469877906
911;0.0469878614
912;0.0469878614
913;0.0469878614
914;0.0469959565
915;0.0469959565
916;0.0469972156
917;0.0469972156
918;0.0469972156
919;0.0469972864
920;0.0469972864
921;0.0469973274
922;0.0469974130
923;0.0469974130
924;0.0469974130
925;0.0469976328
926;0.0469976813
927;0.0469976813
928;0.0469979458
929;0.0469980724
930;0.0469983704
931;0.0469988585
932;0.0469990335
933;0.0469996296
934;0.0470011942
935;0.0470012426
936;0.0470027030
937;0.0470027141
938;0.0470027551
939;0.0470027551
940;0.0470030122
941;0.0470049940
942;0.0470049940
943;0.0470051430
944;0.0470051430
945;0.0470051467
946;0.0470054150
947;0.0470054150
948;0.0470054150
949;0.0470062494
950;0.0470062494
951;0.0470092706
952;0.0470092706
953;0.0470115915
954;0.0470116846
955;0.0470116884
956;0.0470177531
957;0.0470177531
958;0.0470224209
959;0.0470224209
960;0.0470230021
961;0.0470231175
962;0.0470239744
963;0.0470253602
964;0.0470253602
965;0.0470256582
966;0.0470257476
967;0.0470260605
968;0.0470260978
969;0.0470260978
970;0.0470260978
971;0.0470262580
972;0.0470262580
973;0.0470280759
974;0.0470280871
975;0.0470286012
976;0.0470286310
977;0.0470286310
978;0.0470286310
979;0.0470286384
980;0.0470288843
981;0.0470288843
982;0.0470291153
983;0.0470292605
984;0.0470292605
985;0.0470292605
986;0.0470297523
987;0.0470298976
988;0.0470300466
989;0.0470301323
990;0.0470301360
991;0.0470305644
992;0.0470306464
993;0.0470307171
994;0.0470307171
995;0.0470307246
996;0.0470313765
997;0.0470314771
998;0.0470314771
999;0.0470315069
1000;0.0470325463
1001;0.0470325463
1002;0.0470325910
1003;0.0470326655
1004;0.0470326655
1005;0.0470326655
1006;0.0470326766
1007;0.0470326766
1008;0.0470326766
1009;0.0470330864
1010;0.0470332280
1011;0.0470340848
1012;0.0470356755
1013;0.0470356829
1014;0.0470357016
1015;0.0470358282
1016;0.0470358282
1017;0.0470358282
1018;0.0470371991
1019;0.0470371991
1020;0.0470383093
1021;0.0470403992
1022;0.0470403992
1023;0.0470411815
1024;0.0470412038
1025;0.0470412038
1026;0.0470425934
1027;0.0470427312
1028;0.0470427386
1029;0.0470427722
1030;0.0470427722
1031;0.0470518358
1032;0.0470518768
1033;0.0470518768
1034;0.0470518768
1035;0.0470518768
1036;0.0470518768
1037;0.0470521897
1038;0.0470526218
1039;0.0470527522
1040;0.0470552072
1041;0.0470552072
1042;0.0470554009
1043;0.0470556766
1044;0.0470556766
1045;0.0470556952
1046;0.0470557809
1047;0.0470558889
1048;0.0470559001
1049;0.0470559001
1050;0.0470559970
1051;0.0470560081
1052;0.0470560081
1053;0.0470561124
1054;0.0470586009
1055;0.0470586009
1056;0.0470588356
1057;0.0470589288
1058;0.0470589511
1059;0.0470589511
1060;0.0470589846
1061;0.0470597446
1062;0.0470597446
1063;0.0470597818
1064;0.0470614061
1065;0.0470614135
1066;0.0470616072
1067;0.0470625125
1068;0.0470625274
1069;0.0470625646
1070;0.0470633656
1071;0.0470633656
1072;0.0470637642
1073;0.0470637642
1074;0.0470637642
1075;0.0470637791
1076;0.0470637791
1077;0.0470638871
1078;0.0470638871
1079;0.0470663458
1080;0.0470663458
1081;0.0470663458
1082;0.0470663458
1083;0.0470663682
1084;0.0470663682
1085;0.0470666140
1086;0.0470666140
1087;0.0470666438
1088;0.0470667332
1089;0.0470667332
1090;0.0470667370
1091;0.0470667779
1092;0.0470671542
1093;0.0470676683
1094;0.0470676683
1095;0.0470676683
1096;0.0470677465
1097;0.0470677912
1098;0.0470677912
1099;0.0470678248
1100;0.0470678657
1101;0.0470678657
1102;0.0470678657
1103;0.0470678657
1104;0.0470678806
1105;0.0470697507
1106;0.0470697507
1107;0.0470726490
1108;0.0470726490
1109;0.0470729731
1110;0.0470748879
1111;0.0470748879
1112;0.0470748879
1113;0.0470748879
1114;0.0470748879
1115;0.0470822677
1116;0.0470822677
1117;0.0470823385
1118;0.0470823385
1119;0.0471192375
1120;0.0471298620
1121;0.0471298620
1122;0.0471299030
1123;0.0471334085
1124;0.0471334271
1125;0.0471334271
1126;0.0471338704
1127;0.0471338704
1128;0.0471338965
1129;0.0471338965
1130;0.0471354611
1131;0.0471354611
1132;0.0471354611
1133;0.0471354611
1134;0.0471362732
1135;0.0471362732
1136;0.0471364520
1137;0.0471364707
1138;0.0471364707
1139;0.0471364707
1140;0.0471364893
1141;0.0471378714
1142;0.0471378714
1143;0.0471384637
1144;0.0471384637
1145;0.0471384637
1146;0.0471384637
1147;0.0471384637
1148;0.0471388102
1149;0.0471398570
1150;0.0471398979
1151;0.0471398979
1152;0.0471398979
1153;0.0471398979
1154;0.0471402220
1155;0.0471402407
1156;0.0471402407
1157;0.0471406318
1158;0.0471406318
1159;0.0471406318
1160;0.0471406318
1161;0.0471406318
1162;0.0471406877
1163;0.0471406877
1164;0.0471427925
1165;0.0471427925
1166;0.0471428335
1167;0.0471428372
1168;0.0471428372
1169;0.0471428372
1170;0.0471431725
1171;0.0471431762
1172;0.0471431762
1173;0.0471431762
1174;0.0471431762
1175;0.0471432693
1176;0.0471432693
1177;0.0471432991
1178;0.0471451841
1179;0.0471453033
1180;0.0471456572
1181;0.0471456982
1182;0.0471485332
1183;0.0471485332
1184;0.0471485332
1185;0.0471485332
1186;0.0471486039
1187;0.0471486039
1188;0.0471487455
1189;0.0471504740
1190;0.0471581370
1191;0.0471584685
1192;0.0471584685
1193;0.0471584722
1194;0.0471588038
1195;0.0471588038
1196;0.0471588038
1197;0.0471598543
1198;0.0471603051
1199;0.0471603163
1200;0.0471611544
1201;0.0471611544
1202;0.0471646525
1203;0.0471665226
1204;0.0471665226
1205;0.0471686050
1206;0.0471732840
1207;0.0471746512
1208;0.0471765287
1209;0.0471765660
1210;0.0471765660
1211;0.0471765660
1212;0.0471765660
1213;0.0471765697
1214;0.0471765734
1215;0.0471765734
1216;0.0471765734
1217;0.0471767969
1218;0.0471767969
1219;0.0471767969
1220;0.0471803658
1221;0.0471804887
1222;0.0471804887
1223;0.0471804887
1224;0.0471808277
1225;0.0471808277
1226;0.0471808277
1227;0.0471808277
1228;0.0471808277
1229;0.0471808277
1230;0.0471808277
1231;0.0471808277
1232;0.0471808799
1233;0.0471808910
1234;0.0471808910
1235;0.0471808910
1236;0.0471808910
1237;0.0471808910
1238;0.0471808910
1239;0.0471808910
1240;0.0471812449
1241;0.0471812449
1242;0.0471812449
1243;0.0471815839
1244;0.0471815839
1245;0.0471815839
1246;0.0471815839
1247;0.0471815988
1248;0.0471815988
1249;0.0471819341
1250;0.0471819341
1251;0.0471819341
1252;0.0471819341
1253;0.0471819341
1254;0.0471819341
1255;0.0471819341
1256;0.0471819341
1257;0.0471819341
1258;0.0471819341
1259;0.0471820571
1260;0.0471820608
1261;0.0471820608
1262;0.0471820608
1263;0.0471820720
1264;0.0471820720
1265;0.0471820720
1266;0.0471823551
1267;0.0471848771
1268;0.0471848771
1269;0.0471848771
1270;0.0471927971
1271;0.0471928008
1272;0.0471928008
1273;0.0471934676
1274;0.0471934713
1275;0.0471934713
1276;0.0471940115
1277;0.0471940264
1278;0.0471940599
1279;0.0471941866
1280;0.0471941866
1281;0.0471941866
1282;0.0471941866
1283;0.0471953340
1284;0.0471953899
1285;0.0471959859
1286;0.0471959859
1287;0.0471959859
1288;0.0471959971
1289;0.0471959971
1290;0.0471960790
1291;0.0471960790
1292;0.0471971780
1293;0.0471973121
1294;0.0471983328
1295;0.0471985713
1296;0.0471985713
1297;0.0471985713
1298;0.0471997149
1299;0.0471997149
1300;0.0471997149
1301;0.0471997149
1302;0.0471997149
1303;0.0472004861
1304;0.0472007021
1305;0.0472007021
1306;0.0472007021
1307;0.0472007021
1308;0.0472019799
1309;0.0472028591
1310;0.0472028591
1311;0.0472060926
1312;0.0472060926
1313;0.0472060926
1314;0.0472060926
1315;0.0472060926
1316;0.0472060926
1317;0.0472067632
1318;0.0472085625
1319;0.0472085699
1320;0.0472085699
1321;0.0472095311
1322;0.0472095311
1323;0.0472095311
1324;0.0472095534
1325;0.0472095534
1326;0.0472095534
1327;0.0472102650
1328;0.0472102650
1329;0.0472102724
1330;0.0472102724
1331;0.0472102724
1332;0.0472102910
1333;0.0472102910
1334;0.0472102910
1335;0.0472102910
1336;0.0472102910
1337;0.0472102910
1338;0.0472103693
1339;0.0472165756
1340;0.0472165756
1341;0.0472165756
1342;0.0472165756
1343;0.0472166352
1344;0.0472166650
1345;0.0472166650
1346;0.0472166836
1347;0.0472166836
1348;0.0472166836
1349;0.0472166836
1350;0.0472166836
1351;0.0472185649
1352;0.0472185723
1353;0.0472185723
1354;0.0472185723
1355;0.0472189486
1356;0.0472190939
1357;0.0472190939
1358;0.0472190939
1359;0.0472190939
1360;0.0472190939
1361;0.0472191200
1362;0.0472192504
1363;0.0472192504
1364;0.0472192504
1365;0.0472192504
1366;0.0472195409
1367;0.0472198203
1368;0.0472198203
1369;0.0472198203
1370;0.0472208858
1371;0.0472208895
1372;0.0472211652
1373;0.0472252145
1374;0.0472252145
1375;0.0472252145
1376;0.0472252145
1377;0.0472252145
1378;0.0472252220
1379;0.0472252220
1380;0.0472261496
1381;0.0472261980
1382;0.0472263843
1383;0.0472263843
1384;0.0472263843
1385;0.0472263843
1386;0.0472263843
1387;0.0472263843
1388;0.0472264402
1389;0.0472264439
1390;0.0472264439
1391;0.0472264439
1392;0.0472264439
1393;0.0472266003
1394;0.0472266003
1395;0.0472266003
1396;0.0472269133
1397;0.0472269133
1398;0.0472269654
1399;0.0472269654
1400;0.0472269654
1401;0.0472269654
1402;0.0472270325
1403;0.0472333618
1404;0.0472334288
1405;0.0472357124
1406;0.0472357124
1407;0.0472371876
1408;0.0472371951
1409;0.0472371951
1410;0.0472371951
1411;0.0472371951
1412;0.0472372361
1413;0.0472372361
1414;0.0472372361
1415;0.0472372361
1416;0.0472372361
1417;0.0472372398
1418;0.0472372398
1419;0.0472372398
1420;0.0472372472
1421;0.0472373962
1422;0.0472373962
1423;0.0472373962
1424;0.0472373962
1425;0.0472397543
1426;0.0472397953
1427;0.0472397953
1428;0.0472401381
1429;0.0472401381
1430;0.0472402237
1431;0.0472421162
1432;0.0472421162
1433;0.0472421162
1434;0.0472421162
1435;0.0472421162
1436;0.0472421832
1437;0.0472421832
1438;0.0472421832
1439;0.0472421832
1440;0.0472421832
1441;0.0472425632
1442;0.0472425632
1443;0.0472425632
1444;0.0472425632
1445;0.0472429469
1446;0.0472443141
1447;0.0472443141
1448;0.0472443141
1449;0.0472443476
1450;0.0472444631
1451;0.0472444631
1452;0.0472444631
1453;0.0472444631
1454;0.0472444631
1455;0.0472444631
1456;0.0472457632
1457;0.0472463146
1458;0.0472463146
1459;0.0472463146
1460;0.0472466461
1461;0.0472466461
1462;0.0472517759
1463;0.0472517759
1464;0.0472517759
1465;0.0472517759
1466;0.0472517759
1467;0.0472555310
1468;0.0472679734
1469;0.0472679734
1470;0.0472679771
1471;0.0472679958
1472;0.0472679958
1473;0.0472679958
1474;0.0472679958
1475;0.0472679958
1476;0.0472682416
1477;0.0472682416
1478;0.0472683087
1479;0.0472683087
1480;0.0472688563
1481;0.0472706966
1482;0.0472745262
1483;0.0472745560
1484;0.0472745560
1485;0.0472745560
1486;0.0472745560
1487;0.0472759418
1488;0.0472759418
1489;0.0472759455
1490;0.0472759455
1491;0.0472759455
1492;0.0472759455
1493;0.0472759455
1494;0.0472759455
1495;0.0472759455
1496;0.0472759604
1497;0.0472759604
1498;0.0472759604
1499;0.0472759604
1500;0.0472761504
1501;0.0472761504
1502;0.0472761504
1503;0.0472761504
1504;0.0472761504
1505;0.0472761504
1506;0.0472761504
1507;0.0472761728
1508;0.0472761728
1509;0.0472762771
1510;0.0472762771
1511;0.0472762771
1512;0.0472762845
1513;0.0472821034
1514;0.0472939722
1515;0.0472959615
1516;0.0472959615
1517;0.0472959615
1518;0.0472959615
1519;0.0472959615
1520;0.0472977795
1521;0.0472977795
1522;0.0472977795
1523;0.0472981408
1524;0.0472983122
1525;0.0472990647
1526;0.0472990647
1527;0.0472990647
1528;0.0472990721
1529;0.0472990721
1530;0.0472990721
1531;0.0472990721
1532;0.0472990721
1533;0.0472990721
1534;0.0472990721
1535;0.0472990721
1536;0.0472994708
1537;0.0472994708
1538;0.0473008305
1539;0.0473019443
1540;0.0473021120
1541;0.0473021120
1542;0.0473022610
1543;0.0473024137
1544;0.0473026894
1545;0.0473028645
1546;0.0473028645
1547;0.0473029651
1548;0.0473029651
1549;0.0473030321
1550;0.0473030321
1551;0.0473030321
1552;0.0473032780
1553;0.0473033413
1554;0.0473033413
1555;0.0473033525
1556;0.0473091044
1557;0.0473091044
1558;0.0473091044
1559;0.0473091044
1560;0.0473091044
1561;0.0473091044
1562;0.0473091044
1563;0.0473091044
1564;0.0473093130
1565;0.0473093130
1566;0.0473093130
1567;0.0473096669
1568;0.0473097041
1569;0.0473100394
1570;0.0473100394
1571;0.0473100394
1572;0.0473106541
1573;0.0473106541
1574;0.0473106541
1575;0.0473106541
1576;0.0473106541
1577;0.0473106541
1578;0.0473106541
1579;0.0473106541
1580;0.0473106541
1581;0.0473106541
1582;0.0473106541
1583;0.0473113842
1584;0.0473114438
1585;0.0473114438
1586;0.0473114438
1587;0.0473120809
1588;0.0473126657
1589;0.0473126657
1590;0.0473126657
1591;0.0473130494
1592;0.0473132096
1593;0.0473133028
1594;0.0473133028
1595;0.0473133028
1596;0.0473145768
1597;0.0473149605
1598;0.0473149605
1599;0.0473149605
1600;0.0473149605
1601;0.0473149605
1602;0.0473152548
1603;0.0473152548
1604;0.0473152548
1605;0.0473152548
1606;0.0473152548
1607;0.0473152548
1608;0.0473152548
1609;0.0473152846
1610;0.0473152846
1611;0.0473152846
1612;0.0473152846
1613;0.0473152846
1614;0.0473152846
1615;0.0473156609
1616;0.0473156609
1617;0.0473156609
1618;0.0473156609
1619;0.0473156609
1620;0.0473163053
1621;0.0473163053
1622;0.0473163053
1623;0.0473163053
1624;0.0473163053
1625;0.0473163053
1626;0.0473164618
1627;0.0473164618
1628;0.0473164618
1629;0.0473164618
1630;0.0473164618
1631;0.0473164618
1632;0.0473164618
1633;0.0473166108
1634;0.0473166108
1635;0.0473166108
1636;0.0473166108
1637;0.0473166108
1638;0.0473166108
1639;0.0473166108
1640;0.0473166108
1641;0.0473167002
1642;0.0473167002
1643;0.0473167151
1644;0.0473167151
1645;0.0473167151
1646;0.0473167151
1647;0.0473167151
1648;0.0473168120
1649;0.0473168232
1650;0.0473168232
1651;0.0473168232
1652;0.0473168232
1653;0.0473168269
1654;0.0473168269
1655;0.0473168269
1656;0.0473168269
1657;0.0473169088
1658;0.0473169088
1659;0.0473169088
1660;0.0473169088
1661;0.0473169088
1662;0.0473173670
1663;0.0473173670
1664;0.0473173670
1665;0.0473173670
1666;0.0473175757
1667;0.0473175757
1668;0.0473175757
1669;0.0473175757
1670;0.0473175757
1671;0.0473175757
1672;0.0473175757
1673;0.0473175757
1674;0.0473175757
1675;0.0473175757
1676;0.0473176837
1677;0.0473183393
1678;0.0473183393
1679;0.0473183393
1680;0.0473183393
1681;0.0473183393
1682;0.0473185517
1683;0.0473185517
1684;0.0473185517
1685;0.0473185517
1686;0.0473185517
1687;0.0473185517
1688;0.0473185517
1689;0.0473187678
1690;0.0473187678
1691;0.0473187678
1692;0.0473187678
1693;0.0473195389
1694;0.0473209620
1695;0.0473210812
1696;0.0473210812
1697;0.0473211631
1698;0.0473211892
1699;0.0473211892
1700;0.0473218225
1701;0.0473218225
1702;0.0473218225
1703;0.0473218225
1704;0.0473218225
1705;0.0473218225
1706;0.0473218225
1707;0.0473218225
1708;0.0473218225
1709;0.0473218225
1710;0.0473218225
1711;0.0473218225
1712;0.0473218597
1713;0.0473226979
1714;0.0473226979
1715;0.0473226979
1716;0.0473226979
1717;0.0473226979
1718;0.0473226979
1719;0.0473226979
1720;0.0473227091
1721;0.0473228097
1722;0.0473228097
1723;0.0473228097
1724;0.0473228097
1725;0.0473228097
1726;0.0473228097
1727;0.0473228097
1728;0.0473229177
1729;0.0473229177
1730;0.0473229177
1731;0.0473230295
1732;0.0473230295
1733;0.0473230295
1734;0.0473230444
1735;0.0473230444
1736;0.0473235399
1737;0.0473235399
1738;0.0473235659
1739;0.0473236516
1740;0.0473236516
1741;0.0473236516
1742;0.0473236516
1743;0.0473252125
1744;0.0473252125
1745;0.0473252125
1746;0.0473252125
1747;0.0473252125
1748;0.0473252125
1749;0.0473252125
1750;0.0473252125
1751;0.0473252125
1752;0.0473252125
1753;0.0473252125
1754;0.0473255143
1755;0.0473255143
1756;0.0473255143
1757;0.0473259687
1758;0.0473259687
1759;0.0473259687
1760;0.0473259687
1761;0.0473259687
1762;0.0473259687
1763;0.0473259687
1764;0.0473260395
1765;0.0473260395
1766;0.0473260395
1767;0.0473260395
1768;0.0473260395
1769;0.0473260395
1770;0.0473260395
1771;0.0473260395
1772;0.0473260395
1773;0.0473260395
1774;0.0473260395
1775;0.0473261476
1776;0.0473261476
1777;0.0473261476
1778;0.0473261476
1779;0.0473261513
1780;0.0473261513
1781;0.0473276451
1782;0.0473276451
1783;0.0473276451
1784;0.0473276451
1785;0.0473276451
1786;0.0473276451
1787;0.0473276451
1788;0.0473276451
1789;0.0473320857
1790;0.0473321080
1791;0.0473321080
1792;0.0473321080
1793;0.0473321080
1794;0.0473327301
1795;0.0473337956
1796;0.0473338775
1797;0.0473368354
1798;0.0473368354
1799;0.0473368354
1800;0.0473368354
1801;0.0473368354
1802;0.0473368354
1803;0.0473368354
1804;0.0473368354
1805;0.0473368354
1806;0.0473368354
1807;0.0473368354
1808;0.0473368354
1809;0.0473368354
1810;0.0473368801
1811;0.0473371036
1812;0.0473371036
1813;0.0473371036
1814;0.0473371036
1815;0.0473373868
1816;0.0473374166
1817;0.0473374203
1818;0.0473374203
1819;0.0473374203
1820;0.0473374203
1821;0.0473374985
1822;0.0473374985
1823;0.0473374985
1824;0.0473375842
1825;0.0473375842
1826;0.0473375842
1827;0.0473375842
1828;0.0473375842
1829;0.0473375842
1830;0.0473375842
1831;0.0473375842
1832;0.0473375842
1833;0.0473375842
1834;0.0473384038
1835;0.0473384038
1836;0.0473384038
1837;0.0473384038
1838;0.0473384038
1839;0.0473384038
1840;0.0473384038
1841;0.0473384038
1842;0.0473384038
1843;0.0473385379
1844;0.0473385379
1845;0.0473385379
1846;0.0473385379
1847;0.0473385379
1848;0.0473385379
1849;0.0473385379
1850;0.0473396815
1851;0.0473396815
1852;0.0473396815
1853;0.0473396815
1854;0.0473396815
1855;0.0473396815
1856;0.0473396815
1857;0.0473396815
1858;0.0473396815
1859;0.0473396815
1860;0.0473401472
1861;0.0473401472
1862;0.0473401472
1863;0.0473401472
1864;0.0473401472
1865;0.0473409668
1866;0.0473409668
1867;0.0473416112
1868;0.0473416112
1869;0.0473416112
1870;0.0473416112
1871;0.0473416112
1872;0.0473416112
1873;0.0473416112
1874;0.0473416112
1875;0.0473416112
1876;0.0473416112
1877;0.0473416112
1878;0.0473416112
1879;0.0473423563
1880;0.0473423563
1881;0.0473423563
1882;0.0473423563
1883;0.0473423563
1884;0.0473423563
1885;0.0473424122
1886;0.0473424122
1887;0.0473424233
1888;0.0473424233
1889;0.0473424233
1890;0.0473424233
1891;0.0473424271
1892;0.0473434366
1893;0.0473435037
1894;0.0473435037
1895;0.0473435372
1896;0.0473435372
1897;0.0473435372
1898;0.0473435372
1899;0.0473435372
1900;0.0473435372
1901;0.0473435372
1902;0.0473436601
1903;0.0473436601
1904;0.0473436601
1905;0.0473440699
1906;0.0473440699
1907;0.0473440699
1908;0.0473440699
1909;0.0473440699
1910;0.0473440699
1911;0.0473440699
1912;0.0473440699
1913;0.0473440699
1914;0.0473440699
1915;0.0473440699
1916;0.0473440699
1917;0.0473440699
1918;0.0473440699
1919;0.0473440699
1920;0.0473440997
1921;0.0473440997
1922;0.0473440997
1923;0.0473442636
1924;0.0473443158
1925;0.0473444313
1926;0.0473444313
1927;0.0473444313
1928;0.0473444313
1929;0.0473444313
1930;0.0473444313
1931;0.0473444313
1932;0.0473444313
1933;0.0473444350
1934;0.0473445207
1935;0.0473447107
1936;0.0473447107
1937;0.0473447107
1938;0.0473447107
1939;0.0473447107
1940;0.0473451875
1941;0.0473453999
1942;0.0473453999
1943;0.0473453999
1944;0.0473453999
1945;0.0473453999
1946;0.0473453999
1947;0.0473453999
1948;0.0473456271
1949;0.0473456271
1950;0.0473456383
1951;0.0473461561
1952;0.0473461561
1953;0.0473461561
1954;0.0473461561
1955;0.0473461561
1956;0.0473461561
1957;0.0473461561
1958;0.0473461822
1959;0.0473463535
1960;0.0473463535
1961;0.0473463535
1962;0.0473464467
1963;0.0473464467
1964;0.0473464467
1965;0.0473464467
1966;0.0473464467
1967;0.0473464467
1968;0.0473464467
1969;0.0473464467
1970;0.0473464467
1971;0.0473464467
1972;0.0473464467
1973;0.0473464467
1974;0.0473464467
1975;0.0473464467
1976;0.0473464467
1977;0.0473464467
1978;0.0473464467
1979;0.0473464467
1980;0.0473464467
1981;0.0473464467
1982;0.0473484062
1983;0.0473484062
1984;0.0473484062
1985;0.0473484062
1986;0.0473484062
1987;0.0473484062
1988;0.0473484062
1989;0.0473484062
1990;0.0473484062
1991;0.0473484062
1992;0.0473484062
1993;0.0473484062
1994;0.0473484062
1995;0.0473484062
1996;0.0473484062
1997;0.0473484062
1998;0.0473484248
1999;0.0473484248
2000;0.0473484248
