Generación;Mejor Fitness
1;0.0426521190
2;0.0426970646
3;0.0427089483
4;0.0428134277
5;0.0428324789
6;0.0428656749
7;0.0428981148
8;0.0429069512
9;0.0429423563
10;0.0429510660
11;0.0429624133
12;0.0429944657
13;0.0430102684
14;0.0430288278
15;0.0430514030
16;0.0430664010
17;0.0430769362
18;0.0430866964
19;0.0430981368
20;0.0431047790
21;0.0431070216
22;0.0431649983
23;0.0431750230
24;0.0431766920
25;0.0432001799
26;0.0432203114
27;0.0432265401
28;0.0432332382
29;0.0432454385
30;0.0432502180
31;0.0432611629
32;0.0432804413
33;0.0432833359
34;0.0432989784
35;0.0433331020
36;0.0433482714
37;0.0433513224
38;0.0433714278
39;0.0433755107
40;0.0434192345
41;0.0434241220
42;0.0434397571
43;0.0434459820
44;0.0434537008
45;0.0434552282
46;0.0434655361
47;0.0434669219
48;0.0434844233
49;0.0435151421
50;0.0435183570
51;0.0435337648
52;0.0435431227
53;0.0435659736
54;0.0435720086
55;0.0435778983
56;0.0435874052
57;0.0435884073
58;0.0435992517
59;0.0436019264
60;0.0436279252
61;0.0436294973
62;0.0436391681
63;0.0436438061
64;0.0436468907
65;0.0436487608
66;0.0436492562
67;0.0436525308
68;0.0436640456
69;0.0436679311
70;0.0436689630
71;0.0436928608
72;0.0436934344
73;0.0436947681
74;0.0437204465
75;0.0437250398
76;0.0437271930
77;0.0437353030
78;0.0437468439
79;0.0437481366
80;0.0437503532
81;0.0437508039
82;0.0437590778
83;0.0437616482
84;0.0437633879
85;0.0437690057
86;0.0437698849
87;0.0437706411
88;0.0437753052
89;0.0437765345
90;0.0437808931
91;0.0437882729
92;0.0437984802
93;0.0438001379
94;0.0438012779
95;0.0438033529
96;0.0438100472
97;0.0438194126
98;0.0438208506
99;0.0438230485
100;0.0438245386
101;0.0438246578
102;0.0438256785
103;0.0438298732
104;0.0438303575
105;0.0438343845
106;0.0438349023
107;0.0438399836
108;0.0438522510
109;0.0438525118
110;0.0438561551
111;0.0438570529
112;0.0438580066
113;0.0438593179
114;0.0438631661
115;0.0438634232
116;0.0438681766
117;0.0438684300
118;0.0438727029
119;0.0438743047
120;0.0438857339
121;0.0438874774
122;0.0438879579
123;0.0438913219
124;0.0438916609
125;0.0438931920
126;0.0438988917
127;0.0438992046
128;0.0438998453
129;0.0439013131
130;0.0439015776
131;0.0439030379
132;0.0439071134
133;0.0439074114
134;0.0439103618
135;0.0439110026
136;0.0439144447
137;0.0439165458
138;0.0439200588
139;0.0439215973
140;0.0439222455
141;0.0439436361
142;0.0439523980
143;0.0439534150
144;0.0439539887
145;0.0439545251
146;0.0439550541
147;0.0439576320
148;0.0439650379
149;0.0439658612
150;0.0439689606
151;0.0439690091
152;0.0439735912
153;0.0439739451
154;0.0439777188
155;0.0439831614
156;0.0439926684
157;0.0439962484
158;0.0439977236
159;0.0439980291
160;0.0440011956
161;0.0440117419
162;0.0440189391
163;0.0440194905
164;0.0440196283
165;0.0440291837
166;0.0440312773
167;0.0440431163
168;0.0440432392
169;0.0440458879
170;0.0440534540
171;0.0440563895
172;0.0440581329
173;0.0440587923
174;0.0440629050
175;0.0440699868
176;0.0440713055
177;0.0440716855
178;0.0440721773
179;0.0440743156
180;0.0440744162
181;0.0440756381
182;0.0440771505
183;0.0440780297
184;0.0440788493
185;0.0440976359
186;0.0441054776
187;0.0441076644
188;0.0441111922
189;0.0441115014
190;0.0441133417
191;0.0441198684
192;0.0441211425
193;0.0441237465
194;0.0441289693
195;0.0441292375
196;0.0441320390
197;0.0441368707
198;0.0441370420
199;0.0441448353
200;0.0441458896
201;0.0441464186
202;0.0441469438
203;0.0441481657
204;0.0441522337
205;0.0441585779
206;0.0441593267
207;0.0441598855
208;0.0441655107
209;0.0441660434
210;0.0441728383
211;0.0441736504
212;0.0441754125
213;0.0441781320
214;0.0441782288
215;0.0441958047
216;0.0442016311
217;0.0442028642
218;0.0442060046
219;0.0442109667
220;0.0442122184
221;0.0442142189
222;0.0442179032
223;0.0442181416
224;0.0442207158
225;0.0442218669
226;0.0442257449
227;0.0442291908
228;0.0442293100
229;0.0442312583
230;0.0442319475
231;0.0442324989
232;0.0442325994
233;0.0442331843
234;0.0442384146
235;0.0442390703
236;0.0442392640
237;0.0442413911
238;0.0442417152
239;0.0442478731
240;0.0442530476
241;0.0442560799
242;0.0442571230
243;0.0442580245
244;0.0442613102
245;0.0442627184
246;0.0442634001
247;0.0442634672
248;0.0442647301
249;0.0442667529
250;0.0442720167
251;0.0442724340
252;0.0442743450
253;0.0442752801
254;0.0442754701
255;0.0442756638
256;0.0442757308
257;0.0442759134
258;0.0442761444
259;0.0442780927
260;0.0442788601
261;0.0442801043
262;0.0442805625
263;0.0442820042
264;0.0442823172
265;0.0442824885
266;0.0442858525
267;0.0442861393
268;0.0442862958
269;0.0442867987
270;0.0442875139
271;0.0442914777
272;0.0442942753
273;0.0442949459
274;0.0442951210
275;0.0442984030
276;0.0442986898
277;0.0443033315
278;0.0443050228
279;0.0443098508
280;0.0443139784
281;0.0443154313
282;0.0443162620
283;0.0443163887
284;0.0443187505
285;0.0443294831
286;0.0443325564
287;0.0443326198
288;0.0443343297
289;0.0443352573
290;0.0443381257
291;0.0443404131
292;0.0443443395
293;0.0443503223
294;0.0443521328
295;0.0443539061
296;0.0443539806
297;0.0443544872
298;0.0443557613
299;0.0443604626
300;0.0443605259
301;0.0443630181
302;0.0443644859
303;0.0443653576
304;0.0443655103
305;0.0443670377
306;0.0443721227
307;0.0443722606
308;0.0443728343
309;0.0443738177
310;0.0443752483
311;0.0443759747
312;0.0443775505
313;0.0443779156
314;0.0443789288
315;0.0443819501
316;0.0443822481
317;0.0443862900
318;0.0443863794
319;0.0443864614
320;0.0443870723
321;0.0443873256
322;0.0443878733
323;0.0443894230
324;0.0443958268
325;0.0443973504
326;0.0443981104
327;0.0443987213
328;0.0443998650
329;0.0444001704
330;0.0444001704
331;0.0444005728
332;0.0444012024
333;0.0444015376
334;0.0444027632
335;0.0444031805
336;0.0444034263
337;0.0444034860
338;0.0444048792
339;0.0444055460
340;0.0444066785
341;0.0444088243
342;0.0444114916
343;0.0444115065
344;0.0444185138
345;0.0444187522
346;0.0444190204
347;0.0444190204
348;0.0444190800
349;0.0444198735
350;0.0444214791
351;0.0444215089
352;0.0444217883
353;0.0444224253
354;0.0444224365
355;0.0444226526
356;0.0444234163
357;0.0444234237
358;0.0444234274
359;0.0444234535
360;0.0444234535
361;0.0444251634
362;0.0444257446
363;0.0444260761
364;0.0444273129
365;0.0444277227
366;0.0444281735
367;0.0444282070
368;0.0444282107
369;0.0444306619
370;0.0444312803
371;0.0444313921
372;0.0444319099
373;0.0444323197
374;0.0444325209
375;0.0444335788
376;0.0444343053
377;0.0444346108
378;0.0444368087
379;0.0444376804
380;0.0444382876
381;0.0444390289
382;0.0444390811
383;0.0444392338
384;0.0444405228
385;0.0444409028
386;0.0444435365
387;0.0444436260
388;0.0444436744
389;0.0444451421
390;0.0444465913
391;0.0444479063
392;0.0444481149
393;0.0444507599
394;0.0444529653
395;0.0444531068
396;0.0444534756
397;0.0444545820
398;0.0444569811
399;0.0444571190
400;0.0444576517
401;0.0444596484
402;0.0444607586
403;0.0444608219
404;0.0444610827
405;0.0444611199
406;0.0444616005
407;0.0444632806
408;0.0444633812
409;0.0444639549
410;0.0444639549
411;0.0444640256
412;0.0444643945
413;0.0444664098
414;0.0444669314
415;0.0444674678
416;0.0444675051
417;0.0444675870
418;0.0444676653
419;0.0444677398
420;0.0444746129
421;0.0444775224
422;0.0444775373
423;0.0444775932
424;0.0444776416
425;0.0444785394
426;0.0444802791
427;0.0444808491
428;0.0444819555
429;0.0444824062
430;0.0444827527
431;0.0444827750
432;0.0444828160
433;0.0444829687
434;0.0444831848
435;0.0444838516
436;0.0444866270
437;0.0444866568
438;0.0444871671
439;0.0444883965
440;0.0444904715
441;0.0444907434
442;0.0444908999
443;0.0444909520
444;0.0444911681
445;0.0444914661
446;0.0444953181
447;0.0444954485
448;0.0444978103
449;0.0444983318
450;0.0445002988
451;0.0445007682
452;0.0445009507
453;0.0445211045
454;0.0445214547
455;0.0445228182
456;0.0445231311
457;0.0445233509
458;0.0445239991
459;0.0445253290
460;0.0445254706
461;0.0445255451
462;0.0445270762
463;0.0445283465
464;0.0445286781
465;0.0445289426
466;0.0445291139
467;0.0445292182
468;0.0445297547
469;0.0445298888
470;0.0445299409
471;0.0445311144
472;0.0445317030
473;0.0445320159
474;0.0445339642
475;0.0445363596
476;0.0445421115
477;0.0445423461
478;0.0445424058
479;0.0445428044
480;0.0445430838
481;0.0445431322
482;0.0445435718
483;0.0445440449
484;0.0445445888
485;0.0445450507
486;0.0445456244
487;0.0445496105
488;0.0445498787
489;0.0445500650
490;0.0445521735
491;0.0445534587
492;0.0445535779
493;0.0445535854
494;0.0445555001
495;0.0445559956
496;0.0445579402
497;0.0445583314
498;0.0445601419
499;0.0445602946
500;0.0445604883
501;0.0445614979
502;0.0445616357
503;0.0445616767
504;0.0445616916
505;0.0445622355
506;0.0445622355
507;0.0445631407
508;0.0445631407
509;0.0445631407
510;0.0445634723
511;0.0445637219
512;0.0445642285
513;0.0445642322
514;0.0445642844
515;0.0445643477
516;0.0445646122
517;0.0445647091
518;0.0445647091
519;0.0445647091
520;0.0445662625
521;0.0445717312
522;0.0445880890
523;0.0445881039
524;0.0445881039
525;0.0445897356
526;0.0445897430
527;0.0445901155
528;0.0445902124
529;0.0445907600
530;0.0445910692
531;0.0445910692
532;0.0446055904
533;0.0446088351
534;0.0446095355
535;0.0446103066
536;0.0446106270
537;0.0446106680
538;0.0446114279
539;0.0446117297
540;0.0446117930
541;0.0446131900
542;0.0446137860
543;0.0446143150
544;0.0446143150
545;0.0446146354
546;0.0446146950
547;0.0446148552
548;0.0446209759
549;0.0446209796
550;0.0446229093
551;0.0446229540
552;0.0446236096
553;0.0446239151
554;0.0446242131
555;0.0446242131
556;0.0446242914
557;0.0446242951
558;0.0446244143
559;0.0446245037
560;0.0446245633
561;0.0446261279
562;0.0446261950
563;0.0446278974
564;0.0446280800
565;0.0446281396
566;0.0446286052
567;0.0446299426
568;0.0446300730
569;0.0446300730
570;0.0446300991
571;0.0446300991
572;0.0446301624
573;0.0446301661
574;0.0446302108
575;0.0446303263
576;0.0446312428
577;0.0446312875
578;0.0446312986
579;0.0446315259
580;0.0446324684
581;0.0446324870
582;0.0446329825
583;0.0446331277
584;0.0446434990
585;0.0446437374
586;0.0446439758
587;0.0446439795
588;0.0446466431
589;0.0446468294
590;0.0446468294
591;0.0446471274
592;0.0446474105
593;0.0446486883
594;0.0446487442
595;0.0446487702
596;0.0446489416
597;0.0446518436
598;0.0446519777
599;0.0446519852
600;0.0446519852
601;0.0446523093
602;0.0446525812
603;0.0446584336
604;0.0446584374
605;0.0446585156
606;0.0446586870
607;0.0446587391
608;0.0446588434
609;0.0446590781
610;0.0446600728
611;0.0446613096
612;0.0446613170
613;0.0446613766
614;0.0446614996
615;0.0446635783
616;0.0446635820
617;0.0446635857
618;0.0446644872
619;0.0446648523
620;0.0446648560
621;0.0446649119
622;0.0446649380
623;0.0446651094
624;0.0446652360
625;0.0446652360
626;0.0446652360
627;0.0446655452
628;0.0446655527
629;0.0446658358
630;0.0446658358
631;0.0446659774
632;0.0446661413
633;0.0446676202
634;0.0446676686
635;0.0446678698
636;0.0446678698
637;0.0446682833
638;0.0446689837
639;0.0446690246
640;0.0446720012
641;0.0446738265
642;0.0446738787
643;0.0446738787
644;0.0446749739
645;0.0446780846
646;0.0446780920
647;0.0446781479
648;0.0446783416
649;0.0446783900
650;0.0446788445
651;0.0446789600
652;0.0446815230
653;0.0446924716
654;0.0446928069
655;0.0446931273
656;0.0446932316
657;0.0446934178
658;0.0446934775
659;0.0446935967
660;0.0446936041
661;0.0446937308
662;0.0446937457
663;0.0446937717
664;0.0446952581
665;0.0446956269
666;0.0446956381
667;0.0446978621
668;0.0446978696
669;0.0447005779
670;0.0447006673
671;0.0447006971
672;0.0447007120
673;0.0447007604
674;0.0447008796
675;0.0447008796
676;0.0447078571
677;0.0447079167
678;0.0447083600
679;0.0447092392
680;0.0447092392
681;0.0447092392
682;0.0447092392
683;0.0447096489
684;0.0447114967
685;0.0447117798
686;0.0447135009
687;0.0447136015
688;0.0447137095
689;0.0447140820
690;0.0447149090
691;0.0447152294
692;0.0447168127
693;0.0447168127
694;0.0447168127
695;0.0447176099
696;0.0447176546
697;0.0447215624
698;0.0447215624
699;0.0447215848
700;0.0447250158
701;0.0447252393
702;0.0447351411
703;0.0447555445
704;0.0447556563
705;0.0447558425
706;0.0447558761
707;0.0447561927
708;0.0447562151
709;0.0447594225
710;0.0447595119
711;0.0447611511
712;0.0447611511
713;0.0447619371
714;0.0447620638
715;0.0447620861
716;0.0447623096
717;0.0447633639
718;0.0447633639
719;0.0447637141
720;0.0447646044
721;0.0447648577
722;0.0447666235
723;0.0447667800
724;0.0447668098
725;0.0447668433
726;0.0447668470
727;0.0447670035
728;0.0447670035
729;0.0447670296
730;0.0447670519
731;0.0447670519
732;0.0447671711
733;0.0447671898
734;0.0447672904
735;0.0447675660
736;0.0447676778
737;0.0447680391
738;0.0447680391
739;0.0447691455
740;0.0447712615
741;0.0447723642
742;0.0447732955
743;0.0447733253
744;0.0447736904
745;0.0447738767
746;0.0447738767
747;0.0447741635
748;0.0447760038
749;0.0447763354
750;0.0447783768
751;0.0447796993
752;0.0447797813
753;0.0447800942
754;0.0447800942
755;0.0447802320
756;0.0447804257
757;0.0447804257
758;0.0447804742
759;0.0447806716
760;0.0447808243
761;0.0447808243
762;0.0447808765
763;0.0447808802
764;0.0447810069
765;0.0447810069
766;0.0447811745
767;0.0447812527
768;0.0447814353
769;0.0447832122
770;0.0447841287
771;0.0447841622
772;0.0447841622
773;0.0447841771
774;0.0447841994
775;0.0447842553
776;0.0447843187
777;0.0447847694
778;0.0447847918
779;0.0447886698
780;0.0447886735
781;0.0447886810
782;0.0447887629
783;0.0447887704
784;0.0447888076
785;0.0447888225
786;0.0447902344
787;0.0447903275
788;0.0447904319
789;0.0447904393
790;0.0447906777
791;0.0447906815
792;0.0447908752
793;0.0447909348
794;0.0447920710
795;0.0447923206
796;0.0447923690
797;0.0447923951
798;0.0447923951
799;0.0447924845
800;0.0447935984
801;0.0447936542
802;0.0447937064
803;0.0447937287
804;0.0447937474
805;0.0447944887
806;0.0447965227
807;0.0447967872
808;0.0447968692
809;0.0447969139
810;0.0447969660
811;0.0447970107
812;0.0447971262
813;0.0447975993
814;0.0447976477
815;0.0447976775
816;0.0447994769
817;0.0448000580
818;0.0448004007
819;0.0448004007
820;0.0448004194
821;0.0448004976
822;0.0448005572
823;0.0448007807
824;0.0448011905
825;0.0448016413
826;0.0448016599
827;0.0448020250
828;0.0448023379
829;0.0448025875
830;0.0448032804
831;0.0448032804
832;0.0448032916
833;0.0448034182
834;0.0448034629
835;0.0448036976
836;0.0448037013
837;0.0448038504
838;0.0448038764
839;0.0448045358
840;0.0448046140
841;0.0448109359
842;0.0448145010
843;0.0448145419
844;0.0448145419
845;0.0448212139
846;0.0448213071
847;0.0448213145
848;0.0448213667
849;0.0448221043
850;0.0448221043
851;0.0448242724
852;0.0448242910
853;0.0448242910
854;0.0448243767
855;0.0448249355
856;0.0448261574
857;0.0448262468
858;0.0448270962
859;0.0448272079
860;0.0448274799
861;0.0448280908
862;0.0448280908
863;0.0448280945
864;0.0448282212
865;0.0448282212
866;0.0448282622
867;0.0448283963
868;0.0448286608
869;0.0448287427
870;0.0448287874
871;0.0448287874
872;0.0448287874
873;0.0448290296
874;0.0448303521
875;0.0448303521
876;0.0448308364
877;0.0448313765
878;0.0448313951
879;0.0448314808
880;0.0448314808
881;0.0448316187
882;0.0448317304
883;0.0448317342
884;0.0448320881
885;0.0448321514
886;0.0448321849
887;0.0448321849
888;0.0448336639
889;0.0448338427
890;0.0448339395
891;0.0448349901
892;0.0448350981
893;0.0448351391
894;0.0448351800
895;0.0448355563
896;0.0448355563
897;0.0448356122
898;0.0448356271
899;0.0448358357
900;0.0448360033
901;0.0448360108
902;0.0448371470
903;0.0448371656
904;0.0448371731
905;0.0448379405
906;0.0448392294
907;0.0448394753
908;0.0448395126
909;0.0448395126
910;0.0448395126
911;0.0448395237
912;0.0448397174
913;0.0448397286
914;0.0448397323
915;0.0448397659
916;0.0448398814
917;0.0448399894
918;0.0448400751
919;0.0448403172
920;0.0448404923
921;0.0448405221
922;0.0448405817
923;0.0448406227
924;0.0448408686
925;0.0448419973
926;0.0448420830
927;0.0448437370
928;0.0448437557
929;0.0448438413
930;0.0448440351
931;0.0448441431
932;0.0448441617
933;0.0448442101
934;0.0448442176
935;0.0448456183
936;0.0448456183
937;0.0448456332
938;0.0448458269
939;0.0448462702
940;0.0448462777
941;0.0448462926
942;0.0448462926
943;0.0448462963
944;0.0448463038
945;0.0448463187
946;0.0448464304
947;0.0448464714
948;0.0448465347
949;0.0448466502
950;0.0448482744
951;0.0448482744
952;0.0448482782
953;0.0448482819
954;0.0448482856
955;0.0448482856
956;0.0448483303
957;0.0448483489
958;0.0448484123
959;0.0448508635
960;0.0448508821
961;0.0448509268
962;0.0448509268
963;0.0448509268
964;0.0448531993
965;0.0448534004
966;0.0448538177
967;0.0448538773
968;0.0448549464
969;0.0448549464
970;0.0448549576
971;0.0448550880
972;0.0448551029
973;0.0448552258
974;0.0448561050
975;0.0448561199
976;0.0448561199
977;0.0448561199
978;0.0448562540
979;0.0448563211
980;0.0448578969
981;0.0448579565
982;0.0448579788
983;0.0448579788
984;0.0448595658
985;0.0448596515
986;0.0448596515
987;0.0448596515
988;0.0448597781
989;0.0448600575
990;0.0448605977
991;0.0448606014
992;0.0448606052
993;0.0448606163
994;0.0448608287
995;0.0448613912
996;0.0448614322
997;0.0448614322
998;0.0448614843
999;0.0448619835
1000;0.0448620133
1001;0.0448621660
1002;0.0448623560
1003;0.0448623560
1004;0.0448624641
1005;0.0448624715
1006;0.0448624715
1007;0.0448624827
1008;0.0448624864
1009;0.0448629335
1010;0.0448631868
1011;0.0448632501
1012;0.0448632501
1013;0.0448632538
1014;0.0448644161
1015;0.0448645689
1016;0.0448646061
1017;0.0448646098
1018;0.0448646098
1019;0.0448654145
1020;0.0448654145
1021;0.0448662564
1022;0.0448686704
1023;0.0448692106
1024;0.0448693000
1025;0.0448693447
1026;0.0448694751
1027;0.0448694751
1028;0.0448696129
1029;0.0448698103
1030;0.0448698178
1031;0.0448757000
1032;0.0448757671
1033;0.0448761843
1034;0.0448761843
1035;0.0448762402
1036;0.0448763631
1037;0.0448780693
1038;0.0448803082
1039;0.0448805057
1040;0.0448805094
1041;0.0448806435
1042;0.0448806621
1043;0.0448824838
1044;0.0448848270
1045;0.0448849127
1046;0.0448849536
1047;0.0448849797
1048;0.0448852219
1049;0.0448942967
1050;0.0449118353
1051;0.0449132994
1052;0.0449152254
1053;0.0449156761
1054;0.0449159183
1055;0.0449164510
1056;0.0449181162
1057;0.0449185222
1058;0.0449185222
1059;0.0449191816
1060;0.0449234918
1061;0.0449265577
1062;0.0449265838
1063;0.0449265838
1064;0.0449279100
1065;0.0449313335
1066;0.0449313484
1067;0.0449313484
1068;0.0449339673
1069;0.0449339785
1070;0.0449340045
1071;0.0449351333
1072;0.0449352264
1073;0.0449354611
1074;0.0449354611
1075;0.0449358486
1076;0.0449359119
1077;0.0449362025
1078;0.0449362025
1079;0.0449366085
1080;0.0449366681
1081;0.0449372381
1082;0.0449380577
1083;0.0449384786
1084;0.0449414290
1085;0.0449415110
1086;0.0449417457
1087;0.0449459031
1088;0.0449460223
1089;0.0449461415
1090;0.0449467674
1091;0.0449475162
1092;0.0449475162
1093;0.0449477620
1094;0.0449486151
1095;0.0449487679
1096;0.0449489579
1097;0.0449489616
1098;0.0449490659
1099;0.0449492149
1100;0.0449515246
1101;0.0449526384
1102;0.0449526384
1103;0.0449526832
1104;0.0449530520
1105;0.0449532233
1106;0.0449532233
1107;0.0449532233
1108;0.0449532233
1109;0.0449533202
1110;0.0449533239
1111;0.0449578837
1112;0.0449586213
1113;0.0449586660
1114;0.0449586660
1115;0.0449586660
1116;0.0449586920
1117;0.0449587181
1118;0.0449587181
1119;0.0449587181
1120;0.0449587181
1121;0.0449587367
1122;0.0449606106
1123;0.0449607261
1124;0.0449607261
1125;0.0449615270
1126;0.0449615382
1127;0.0449669696
1128;0.0449669696
1129;0.0449670069
1130;0.0449686870
1131;0.0449686870
1132;0.0449686870
1133;0.0449687913
1134;0.0449688099
1135;0.0449688509
1136;0.0449689776
1137;0.0449689962
1138;0.0449689962
1139;0.0449689962
1140;0.0449691191
1141;0.0449691191
1142;0.0449701063
1143;0.0449701324
1144;0.0449702144
1145;0.0449712910
1146;0.0449715666
1147;0.0449715666
1148;0.0449718945
1149;0.0449721552
1150;0.0449722297
1151;0.0449744351
1152;0.0449745096
1153;0.0449745357
1154;0.0449745357
1155;0.0449745469
1156;0.0449745469
1157;0.0449745767
1158;0.0449745841
1159;0.0449760035
1160;0.0449760035
1161;0.0449763164
1162;0.0449780487
1163;0.0449780636
1164;0.0449781530
1165;0.0449781530
1166;0.0449785329
1167;0.0449785478
1168;0.0449786671
1169;0.0449786745
1170;0.0449789949
1171;0.0449790247
1172;0.0449790247
1173;0.0449811928
1174;0.0449812301
1175;0.0449817851
1176;0.0449820980
1177;0.0449822396
1178;0.0449824259
1179;0.0449824296
1180;0.0449832566
1181;0.0449836999
1182;0.0449836999
1183;0.0449839942
1184;0.0449841730
1185;0.0449847020
1186;0.0449847616
1187;0.0449864268
1188;0.0449865684
1189;0.0449867658
1190;0.0449868217
1191;0.0449868217
1192;0.0449868217
1193;0.0449868217
1194;0.0449868254
1195;0.0449870527
1196;0.0449870527
1197;0.0449870564
1198;0.0449870564
1199;0.0449870788
1200;0.0449870899
1201;0.0449871123
1202;0.0449871384
1203;0.0449871384
1204;0.0449873470
1205;0.0449873470
1206;0.0449876636
1207;0.0449877791
1208;0.0449877940
1209;0.0449877940
1210;0.0449883863
1211;0.0449884757
1212;0.0449884757
1213;0.0449885726
1214;0.0449885763
1215;0.0449885838
1216;0.0449893735
1217;0.0449894257
1218;0.0449894257
1219;0.0449894890
1220;0.0449895002
1221;0.0449895598
1222;0.0449895784
1223;0.0449904278
1224;0.0449904278
1225;0.0449905396
1226;0.0449905396
1227;0.0449907035
1228;0.0449907258
1229;0.0449912883
1230;0.0449912883
1231;0.0449913591
1232;0.0449913591
1233;0.0449913889
1234;0.0449913889
1235;0.0449913889
1236;0.0449914113
1237;0.0449914262
1238;0.0449914373
1239;0.0449914411
1240;0.0449914411
1241;0.0449914411
1242;0.0449914485
1243;0.0449918881
1244;0.0449918881
1245;0.0449942164
1246;0.0449945182
1247;0.0449950285
1248;0.0449993312
1249;0.0449994020
1250;0.0449994020
1251;0.0449994020
1252;0.0449994020
1253;0.0449997075
1254;0.0449997075
1255;0.0449997112
1256;0.0449997112
1257;0.0449997112
1258;0.0450016037
1259;0.0450018309
1260;0.0450019464
1261;0.0450032055
1262;0.0450063050
1263;0.0450063199
1264;0.0450066254
1265;0.0450066254
1266;0.0450068191
1267;0.0450081490
1268;0.0450081676
1269;0.0450081676
1270;0.0450096950
1271;0.0450096950
1272;0.0450097956
1273;0.0450098030
1274;0.0450098738
1275;0.0450100936
1276;0.0450103544
1277;0.0450103767
1278;0.0450103767
1279;0.0450103767
1280;0.0450103767
1281;0.0450104773
1282;0.0450108349
1283;0.0450109243
1284;0.0450117625
1285;0.0450117663
1286;0.0450120568
1287;0.0450120568
1288;0.0450120568
1289;0.0450135171
1290;0.0450138189
1291;0.0450142995
1292;0.0450172871
1293;0.0450174473
1294;0.0450183414
1295;0.0450248979
1296;0.0450250804
1297;0.0450251848
1298;0.0450255387
1299;0.0450257324
1300;0.0450258702
1301;0.0450260416
1302;0.0450332202
1303;0.0450332202
1304;0.0450336076
1305;0.0450343788
1306;0.0450343862
1307;0.0450344682
1308;0.0450346693
1309;0.0450354367
1310;0.0450356156
1311;0.0450356156
1312;0.0450357124
1313;0.0450357124
1314;0.0450357124
1315;0.0450358279
1316;0.0450366959
1317;0.0450376011
1318;0.0450376011
1319;0.0450376011
1320;0.0450378396
1321;0.0450378992
1322;0.0450389162
1323;0.0450389758
1324;0.0450390019
1325;0.0450390019
1326;0.0450390019
1327;0.0450390019
1328;0.0450392440
1329;0.0450392440
1330;0.0450392440
1331;0.0450392924
1332;0.0450392999
1333;0.0450393297
1334;0.0450403281
1335;0.0450403653
1336;0.0450407714
1337;0.0450407714
1338;0.0450407714
1339;0.0450417809
1340;0.0450435467
1341;0.0450436585
1342;0.0450436585
1343;0.0450437330
1344;0.0450437702
1345;0.0450437739
1346;0.0450437739
1347;0.0450438149
1348;0.0450438149
1349;0.0450438336
1350;0.0450454615
1351;0.0450454727
1352;0.0450454727
1353;0.0450454727
1354;0.0450454727
1355;0.0450462513
1356;0.0450464636
1357;0.0450465679
1358;0.0450468473
1359;0.0450468473
1360;0.0450468697
1361;0.0450469851
1362;0.0450471267
1363;0.0450471751
1364;0.0450472757
1365;0.0450509824
1366;0.0450515375
1367;0.0450515375
1368;0.0450524911
1369;0.0450547189
1370;0.0450547189
1371;0.0450547636
1372;0.0450547636
1373;0.0450553931
1374;0.0450558290
1375;0.0450558290
1376;0.0450558290
1377;0.0450575165
1378;0.0450575165
1379;0.0450578816
1380;0.0450580642
1381;0.0450580828
1382;0.0450610965
1383;0.0450610965
1384;0.0450610965
1385;0.0450614505
1386;0.0450619906
1387;0.0450620838
1388;0.0450622439
1389;0.0450622439
1390;0.0450622439
1391;0.0450622514
1392;0.0450666361
1393;0.0450667702
1394;0.0450667702
1395;0.0450668633
1396;0.0450668745
1397;0.0450668745
1398;0.0450669937
1399;0.0450673215
1400;0.0450673848
1401;0.0450673886
1402;0.0450673886
1403;0.0450685062
1404;0.0450688526
1405;0.0450689159
1406;0.0450690500
1407;0.0450690500
1408;0.0450691842
1409;0.0450691879
1410;0.0450794101
1411;0.0450795181
1412;0.0450820327
1413;0.0450820327
1414;0.0450820327
1415;0.0450827144
1416;0.0450832844
1417;0.0450840667
1418;0.0450841635
1419;0.0450845473
1420;0.0450852849
1421;0.0450852849
1422;0.0450856164
1423;0.0450858139
1424;0.0450859070
1425;0.0450865664
1426;0.0450867936
1427;0.0450868122
1428;0.0450870395
1429;0.0450910814
1430;0.0450914428
1431;0.0450917371
1432;0.0450917371
1433;0.0450920425
1434;0.0450920537
1435;0.0450921841
1436;0.0450921953
1437;0.0450922027
1438;0.0450923890
1439;0.0450926162
1440;0.0450926311
1441;0.0450926311
1442;0.0450926311
1443;0.0450926386
1444;0.0450926907
1445;0.0450927541
1446;0.0450969525
1447;0.0450978391
1448;0.0450999215
1449;0.0451002866
1450;0.0451008528
1451;0.0451008603
1452;0.0451009050
1453;0.0451009758
1454;0.0451009870
1455;0.0451009870
1456;0.0451025218
1457;0.0451025516
1458;0.0451025665
1459;0.0451025665
1460;0.0451025739
1461;0.0451034717
1462;0.0451038964
1463;0.0451041125
1464;0.0451042242
1465;0.0451042242
1466;0.0451044105
1467;0.0451058783
1468;0.0451060273
1469;0.0451060571
1470;0.0451063551
1471;0.0451063626
1472;0.0451072976
1473;0.0451072976
1474;0.0451072976
1475;0.0451077558
1476;0.0451077968
1477;0.0451078005
1478;0.0451084152
1479;0.0451087207
1480;0.0451087393
1481;0.0451087393
1482;0.0451088399
1483;0.0451129265
1484;0.0451133773
1485;0.0451134369
1486;0.0451134779
1487;0.0451135561
1488;0.0451135561
1489;0.0451135561
1490;0.0451138020
1491;0.0451138578
1492;0.0451138578
1493;0.0451140478
1494;0.0451140553
1495;0.0451140553
1496;0.0451140963
1497;0.0451149382
1498;0.0451154746
1499;0.0451154746
1500;0.0451154746
1501;0.0451154746
1502;0.0451154746
1503;0.0451162234
1504;0.0451162234
1505;0.0451164283
1506;0.0451177545
1507;0.0451177545
1508;0.0451177917
1509;0.0451220050
1510;0.0451220423
1511;0.0451220609
1512;0.0451223217
1513;0.0451243147
1514;0.0451247990
1515;0.0451248623
1516;0.0451248623
1517;0.0451249145
1518;0.0451249331
1519;0.0451249480
1520;0.0451249853
1521;0.0451269522
1522;0.0451269522
1523;0.0451269522
1524;0.0451269522
1525;0.0451271273
1526;0.0451303534
1527;0.0451303534
1528;0.0451303795
1529;0.0451303869
1530;0.0451306105
1531;0.0451306254
1532;0.0451306924
1533;0.0451307036
1534;0.0451307707
1535;0.0451307707
1536;0.0451307744
1537;0.0451308414
1538;0.0451308563
1539;0.0451308563
1540;0.0451308675
1541;0.0451308675
1542;0.0451311320
1543;0.0451312400
1544;0.0451312400
1545;0.0451312400
1546;0.0451312400
1547;0.0451314673
1548;0.0451322012
1549;0.0451322012
1550;0.0451327823
1551;0.0451353006
1552;0.0451356247
1553;0.0451356247
1554;0.0451357067
1555;0.0451361202
1556;0.0451365598
1557;0.0451365970
1558;0.0451367646
1559;0.0451368801
1560;0.0451368801
1561;0.0451372042
1562;0.0451380089
1563;0.0451380461
1564;0.0451380461
1565;0.0451382548
1566;0.0451383591
1567;0.0451383665
1568;0.0451383665
1569;0.0451384112
1570;0.0451384634
1571;0.0451385491
1572;0.0451386273
1573;0.0451387055
1574;0.0451387167
1575;0.0451387316
1576;0.0451387353
1577;0.0451389365
1578;0.0451389365
1579;0.0451389365
1580;0.0451389700
1581;0.0451392271
1582;0.0451392271
1583;0.0451392271
1584;0.0451394655
1585;0.0451394655
1586;0.0451396070
1587;0.0451396257
1588;0.0451399535
1589;0.0451440625
1590;0.0451440886
1591;0.0451443493
1592;0.0451474525
1593;0.0451477133
1594;0.0451495796
1595;0.0451502502
1596;0.0451502651
1597;0.0451507866
1598;0.0451511890
1599;0.0451513827
1600;0.0451527983
1601;0.0451531149
1602;0.0451536402
1603;0.0451536626
1604;0.0451536626
1605;0.0451541245
1606;0.0451541767
1607;0.0451598093
1608;0.0451598130
1609;0.0451598167
1610;0.0451598242
1611;0.0451598242
1612;0.0451602861
1613;0.0451622419
1614;0.0451622866
1615;0.0451622903
1616;0.0451622903
1617;0.0451624133
1618;0.0451624133
1619;0.0451625921
1620;0.0451625921
1621;0.0451625921
1622;0.0451626107
1623;0.0451626144
1624;0.0451626144
1625;0.0451632105
1626;0.0451632105
1627;0.0451638997
1628;0.0451639034
1629;0.0451642312
1630;0.0451642573
1631;0.0451643020
1632;0.0451662466
1633;0.0451663807
1634;0.0451680534
1635;0.0451686345
1636;0.0451755039
1637;0.0451755039
1638;0.0451755375
1639;0.0451755375
1640;0.0451776907
1641;0.0451781489
1642;0.0451782979
1643;0.0451851040
1644;0.0451851040
1645;0.0451851115
1646;0.0451851115
1647;0.0451851115
1648;0.0451851375
1649;0.0451865122
1650;0.0451865792
1651;0.0451865792
1652;0.0451865792
1653;0.0451873690
1654;0.0451875590
1655;0.0451876074
1656;0.0451876074
1657;0.0451899543
1658;0.0451899953
1659;0.0451914221
1660;0.0451914370
1661;0.0451914370
1662;0.0451916158
1663;0.0451916158
1664;0.0451916158
1665;0.0451919064
1666;0.0451919064
1667;0.0451919734
1668;0.0451919772
1669;0.0451921560
1670;0.0451922007
1671;0.0451923013
1672;0.0451925620
1673;0.0451934375
1674;0.0451939479
1675;0.0451940782
1676;0.0451941937
1677;0.0451941974
1678;0.0451941974
1679;0.0451944172
1680;0.0451944955
1681;0.0451944992
1682;0.0451945513
1683;0.0451945961
1684;0.0451947860
1685;0.0451955684
1686;0.0451955944
1687;0.0451955944
1688;0.0451956503
1689;0.0451956503
1690;0.0451956503
1691;0.0451957174
1692;0.0451958664
1693;0.0451958664
1694;0.0451958850
1695;0.0451960042
1696;0.0451960452
1697;0.0451961160
1698;0.0451962836
1699;0.0451962836
1700;0.0451963544
1701;0.0451975614
1702;0.0451975763
1703;0.0451981649
1704;0.0451981649
1705;0.0451982059
1706;0.0451987311
1707;0.0451987311
1708;0.0451988429
1709;0.0451989397
1710;0.0451989397
1711;0.0451992527
1712;0.0451992713
1713;0.0451992936
1714;0.0451992936
1715;0.0451994687
1716;0.0451994762
1717;0.0451994948
1718;0.0451995097
1719;0.0451996773
1720;0.0451996773
1721;0.0451998077
1722;0.0451998897
1723;0.0451999009
1724;0.0452002361
1725;0.0452007428
1726;0.0452008173
1727;0.0452008285
1728;0.0452008285
1729;0.0452008881
1730;0.0452008881
1731;0.0452008955
1732;0.0452009253
1733;0.0452009253
1734;0.0452009961
1735;0.0452010110
1736;0.0452011377
1737;0.0452011377
1738;0.0452011377
1739;0.0452014022
1740;0.0452016369
1741;0.0452040397
1742;0.0452043489
1743;0.0452044494
1744;0.0452045090
1745;0.0452045090
1746;0.0452045090
1747;0.0452046283
1748;0.0452057160
1749;0.0452060588
1750;0.0452061184
1751;0.0452061296
1752;0.0452080928
1753;0.0452081077
1754;0.0452081449
1755;0.0452087447
1756;0.0452088006
1757;0.0452088490
1758;0.0452088490
1759;0.0452089868
1760;0.0452089868
1761;0.0452091992
1762;0.0452092104
1763;0.0452092178
1764;0.0452099331
1765;0.0452100821
1766;0.0452101305
1767;0.0452101305
1768;0.0452101901
1769;0.0452101901
1770;0.0452101976
1771;0.0452106968
1772;0.0452107005
1773;0.0452107005
1774;0.0452107005
1775;0.0452107005
1776;0.0452107005
1777;0.0452151597
1778;0.0452219136
1779;0.0452219248
1780;0.0452223085
1781;0.0452223308
1782;0.0452225618
1783;0.0452236272
1784;0.0452236570
1785;0.0452236943
1786;0.0452236943
1787;0.0452237725
1788;0.0452237763
1789;0.0452237763
1790;0.0452238023
1791;0.0452239849
1792;0.0452240780
1793;0.0452240780
1794;0.0452271178
1795;0.0452271737
1796;0.0452271774
1797;0.0452279486
1798;0.0452279486
1799;0.0452279486
1800;0.0452279821
1801;0.0452279933
1802;0.0452280045
1803;0.0452280156
1804;0.0452314653
1805;0.0452314839
1806;0.0452345721
1807;0.0452345721
1808;0.0452348590
1809;0.0452348590
1810;0.0452349149
1811;0.0452351645
1812;0.0452359207
1813;0.0452359729
1814;0.0452359803
1815;0.0452360399
1816;0.0452360399
1817;0.0452380292
1818;0.0452392735
1819;0.0452393256
1820;0.0452393964
1821;0.0452393964
1822;0.0452393964
1823;0.0452398695
1824;0.0452398695
1825;0.0452411510
1826;0.0452411622
1827;0.0452411883
1828;0.0452412441
1829;0.0452412441
1830;0.0452463217
1831;0.0452471226
1832;0.0452471226
1833;0.0452472977
1834;0.0452474989
1835;0.0452474989
1836;0.0452474989
1837;0.0452501029
1838;0.0452504642
1839;0.0452505499
1840;0.0452545695
1841;0.0452545695
1842;0.0452545695
1843;0.0452546366
1844;0.0452551767
1845;0.0452555344
1846;0.0452557392
1847;0.0452557467
1848;0.0452564955
1849;0.0452567860
1850;0.0452567860
1851;0.0452579930
1852;0.0452582166
1853;0.0452582166
1854;0.0452587418
1855;0.0452589020
1856;0.0452589020
1857;0.0452596135
1858;0.0452606231
1859;0.0452607088
1860;0.0452611819
1861;0.0452612005
1862;0.0452616066
1863;0.0452617146
1864;0.0452617146
1865;0.0452617481
1866;0.0452617519
1867;0.0452619120
1868;0.0452620909
1869;0.0452622101
1870;0.0452626571
1871;0.0452643074
1872;0.0452644676
1873;0.0452645384
1874;0.0452646501
1875;0.0452646762
1876;0.0452646874
1877;0.0452737659
1878;0.0452740639
1879;0.0452740639
1880;0.0452740714
1881;0.0452743210
1882;0.0452743210
1883;0.0452744067
1884;0.0452744104
1885;0.0452783406
1886;0.0452786088
1887;0.0452791415
1888;0.0452791899
1889;0.0452791899
1890;0.0452791899
1891;0.0452792048
1892;0.0452792048
1893;0.0452796035
1894;0.0452796035
1895;0.0452796295
1896;0.0452798158
1897;0.0452800244
1898;0.0452800244
1899;0.0452801175
1900;0.0452802293
1901;0.0452802330
1902;0.0452802703
1903;0.0452803150
1904;0.0452806391
1905;0.0452806391
1906;0.0452806689
1907;0.0452806689
1908;0.0452806689
1909;0.0452806801
1910;0.0452807322
1911;0.0452807322
1912;0.0452816263
1913;0.0452820286
1914;0.0452820510
1915;0.0452820510
1916;0.0452822298
1917;0.0452822708
1918;0.0452823080
1919;0.0452824906
1920;0.0452824906
1921;0.0452825092
1922;0.0452825278
1923;0.0452825278
1924;0.0452825278
1925;0.0452825688
1926;0.0452830121
1927;0.0452831462
1928;0.0452831462
1929;0.0452833027
1930;0.0452833176
1931;0.0452834852
1932;0.0452834852
1933;0.0452834852
1934;0.0452835523
1935;0.0452835523
1936;0.0452835523
1937;0.0452835523
1938;0.0452836566
1939;0.0452837795
1940;0.0452838428
1941;0.0452838428
1942;0.0452838875
1943;0.0452840552
1944;0.0452840626
1945;0.0452841111
1946;0.0452841930
1947;0.0452842638
1948;0.0452848338
1949;0.0452848338
1950;0.0452850945
1951;0.0452851243
1952;0.0452853739
1953;0.0452859215
1954;0.0452859625
1955;0.0452859886
1956;0.0452860594
1957;0.0452863164
1958;0.0452863164
1959;0.0452863201
1960;0.0452863760
1961;0.0452863947
1962;0.0452863947
1963;0.0452864394
1964;0.0452864394
1965;0.0452864505
1966;0.0452870429
1967;0.0452870429
1968;0.0452870429
1969;0.0452872291
1970;0.0452872403
1971;0.0452874675
1972;0.0452877954
1973;0.0452877954
1974;0.0452879518
1975;0.0452880450
1976;0.0452884249
1977;0.0452884436
1978;0.0452885553
1979;0.0452885553
1980;0.0452910028
1981;0.0452910028
1982;0.0452910289
1983;0.0452910550
1984;0.0452910624
1985;0.0452910624
1986;0.0452911481
1987;0.0452914163
1988;0.0452916101
1989;0.0452916101
1990;0.0452918373
1991;0.0452918746
1992;0.0452918783
1993;0.0452919714
1994;0.0452919714
1995;0.0452920124
1996;0.0452921018
1997;0.0452921093
1998;0.0452921875
1999;0.0452922881
2000;0.0452922881
