Generación;Mejor Fitness
1;0.0461294651
2;0.0461542271
3;0.0461652502
4;0.0462049916
5;0.0462254435
6;0.0462678075
7;0.0462970473
8;0.0463223308
9;0.0463645011
10;0.0463816449
11;0.0464065373
12;0.0464462861
13;0.0465153009
14;0.0465443805
15;0.0465499163
16;0.0465696380
17;0.0465859994
18;0.0466108732
19;0.0466340706
20;0.0466512516
21;0.0466647372
22;0.0466849580
23;0.0467119589
24;0.0467438661
25;0.0467790663
26;0.0468210168
27;0.0469050109
28;0.0469639339
29;0.0469997115
30;0.0470068641
31;0.0470127836
32;0.0470466018
33;0.0470562056
34;0.0470719934
35;0.0470752306
36;0.0470891781
37;0.0471000932
38;0.0472148769
39;0.0472982489
40;0.0473063551
41;0.0473218821
42;0.0473365746
43;0.0473953225
44;0.0474068709
45;0.0474444777
46;0.0474583805
47;0.0474673174
48;0.0474690795
49;0.0474803820
50;0.0474837981
51;0.0474869646
52;0.0474872775
53;0.0475121737
54;0.0475382060
55;0.0475428998
56;0.0475473329
57;0.0475864336
58;0.0475875176
59;0.0475887135
60;0.0476175472
61;0.0476380363
62;0.0476438068
63;0.0476478562
64;0.0476521477
65;0.0476684272
66;0.0476790369
67;0.0477085412
68;0.0477471314
69;0.0477830917
70;0.0477920398
71;0.0478501730
72;0.0478981510
73;0.0479141511
74;0.0479181111
75;0.0479225516
76;0.0479268022
77;0.0479328334
78;0.0479927920
79;0.0479956977
80;0.0480232872
81;0.0480305031
82;0.0480318591
83;0.0480373651
84;0.0480391830
85;0.0480476879
86;0.0480599478
87;0.0480692014
88;0.0480840057
89;0.0481022075
90;0.0481046475
91;0.0481492169
92;0.0481580868
93;0.0481765941
94;0.0481799319
95;0.0481842496
96;0.0481854789
97;0.0481867082
98;0.0481974110
99;0.0481985137
100;0.0482403636
101;0.0482769534
102;0.0482780039
103;0.0483088046
104;0.0483113229
105;0.0483173020
106;0.0483215712
107;0.0483253486
108;0.0483314171
109;0.0483358279
110;0.0484095886
111;0.0484117419
112;0.0484285168
113;0.0484290794
114;0.0484498702
115;0.0484549589
116;0.0484589562
117;0.0485250242
118;0.0485327281
119;0.0485516228
120;0.0485586002
121;0.0485692360
122;0.0485760905
123;0.0485962592
124;0.0486011095
125;0.0486071855
126;0.0486072488
127;0.0486260951
128;0.0486307256
129;0.0486331619
130;0.0486439541
131;0.0486503392
132;0.0486676805
133;0.0486695431
134;0.0486787260
135;0.0486826412
136;0.0487033203
137;0.0487474203
138;0.0487531312
139;0.0487665460
140;0.0487691574
141;0.0487751737
142;0.0487772375
143;0.0487980098
144;0.0488059074
145;0.0488126054
146;0.0488146469
147;0.0488163456
148;0.0488209613
149;0.0488251671
150;0.0488410108
151;0.0488732643
152;0.0488732643
153;0.0488740169
154;0.0488810688
155;0.0489032939
156;0.0489125140
157;0.0489163473
158;0.0489284806
159;0.0490377918
160;0.0490383580
161;0.0490699410
162;0.0490743965
163;0.0490775481
164;0.0490804724
165;0.0490903482
166;0.0490937270
167;0.0490965657
168;0.0490969121
169;0.0490972511
170;0.0491094291
171;0.0491097607
172;0.0491170175
173;0.0491289869
174;0.0491358936
175;0.0491381995
176;0.0491384193
177;0.0491385497
178;0.0491403714
179;0.0491403714
180;0.0491421334
181;0.0491465367
182;0.0491465628
183;0.0491513498
184;0.0491689295
185;0.0491712727
186;0.0492497869
187;0.0492556244
188;0.0492712371
189;0.0492900573
190;0.0492909625
191;0.0492910407
192;0.0492910407
193;0.0493558235
194;0.0493696183
195;0.0494045764
196;0.0494063385
197;0.0494100675
198;0.0494102314
199;0.0494114980
200;0.0494657010
201;0.0494658351
202;0.0494823866
203;0.0494897887
204;0.0494935960
205;0.0494960658
206;0.0495133027
207;0.0495261475
208;0.0495267659
209;0.0495282300
210;0.0495292246
211;0.0495298617
212;0.0495308787
213;0.0495311096
214;0.0495414846
215;0.0495441779
216;0.0495442487
217;0.0495444089
218;0.0495561659
219;0.0495626703
220;0.0495629236
221;0.0495644286
222;0.0495931208
223;0.0495967045
224;0.0496154465
225;0.0496154465
226;0.0496172197
227;0.0496174879
228;0.0496194996
229;0.0496223643
230;0.0496223643
231;0.0496253036
232;0.0496255271
233;0.0496257208
234;0.0496413037
235;0.0496455245
236;0.0496456549
237;0.0496520363
238;0.0496550500
239;0.0496632606
240;0.0496639945
241;0.0496639945
242;0.0496649183
243;0.0496701412
244;0.0496717319
245;0.0496717319
246;0.0496750213
247;0.0496948250
248;0.0496952794
249;0.0496972613
250;0.0496986955
251;0.0496990271
252;0.0496990271
253;0.0497028567
254;0.0497324280
255;0.0497330539
256;0.0497421138
257;0.0497434251
258;0.0497459024
259;0.0497459024
260;0.0497459024
261;0.0497608334
262;0.0497611463
263;0.0497611463
264;0.0497627780
265;0.0499756709
266;0.0499817766
267;0.0500016101
268;0.0500028580
269;0.0500031598
270;0.0500126593
271;0.0500126593
272;0.0500159040
273;0.0500161089
274;0.0500267074
275;0.0500270762
276;0.0500303805
277;0.0500321351
278;0.0500467084
279;0.0500467084
280;0.0500553213
281;0.0500572138
282;0.0500598289
283;0.0500601716
284;0.0500606969
285;0.0500606969
286;0.0500645190
287;0.0500661880
288;0.0500681698
289;0.0500816070
290;0.0500936173
291;0.0500995144
292;0.0501002446
293;0.0501002446
294;0.0501013175
295;0.0501083285
296;0.0501106903
297;0.0501234047
298;0.0501235910
299;0.0501668751
300;0.0501726121
301;0.0501732379
302;0.0501764603
303;0.0501792282
304;0.0501823276
305;0.0501841195
306;0.0501841195
307;0.0501844734
308;0.0501844734
309;0.0501848720
310;0.0501943529
311;0.0502054915
312;0.0502059758
313;0.0502069332
314;0.0502107777
315;0.0502172224
316;0.0502172634
317;0.0502444543
318;0.0502456389
319;0.0502466112
320;0.0502472259
321;0.0502483472
322;0.0502483472
323;0.0502492376
324;0.0502494946
325;0.0502494946
326;0.0502499044
327;0.0502512567
328;0.0502515063
329;0.0502526984
330;0.0502558686
331;0.0502664521
332;0.0502664521
333;0.0502664521
334;0.0502664670
335;0.0502668619
336;0.0502668619
337;0.0502668619
338;0.0502801053
339;0.0502856635
340;0.0502871498
341;0.0502957180
342;0.0502962060
343;0.0503000952
344;0.0503265485
345;0.0503288694
346;0.0503293425
347;0.0503963940
348;0.0503972657
349;0.0503988117
350;0.0503997616
351;0.0503997616
352;0.0504082665
353;0.0504082888
354;0.0504260845
355;0.0504260845
356;0.0504263341
357;0.0504396372
358;0.0504443236
359;0.0504506454
360;0.0504514091
361;0.0504516251
362;0.0504516251
363;0.0504516251
364;0.0504568890
365;0.0504568890
366;0.0504570454
367;0.0504570454
368;0.0504571237
369;0.0504650772
370;0.0504651815
371;0.0504718758
372;0.0504729450
373;0.0504781120
374;0.0504781120
375;0.0504781120
376;0.0504781120
377;0.0504781120
378;0.0504781120
379;0.0504802875
380;0.0504807867
381;0.0504812039
382;0.0504812039
383;0.0504812039
384;0.0504820123
385;0.0504847132
386;0.0504885316
387;0.0504901856
388;0.0504901856
389;0.0504913218
390;0.0505000874
391;0.0505000874
392;0.0505036414
393;0.0505068153
394;0.0505068153
395;0.0505068153
396;0.0505078249
397;0.0505136214
398;0.0505136214
399;0.0505268201
400;0.0505268425
401;0.0505268425
402;0.0505271070
403;0.0505287163
404;0.0505303852
405;0.0505304486
406;0.0505330712
407;0.0505330712
408;0.0505330712
409;0.0505352207
410;0.0505352542
411;0.0505365320
412;0.0505365320
413;0.0505380780
414;0.0505431890
415;0.0505431890
416;0.0505432039
417;0.0505435318
418;0.0505435318
419;0.0505435318
420;0.0505435318
421;0.0505435318
422;0.0505435318
423;0.0505437218
424;0.0505437329
425;0.0505440868
426;0.0505440868
427;0.0505442172
428;0.0505443662
429;0.0505445749
430;0.0505445749
431;0.0505484082
432;0.0505484082
433;0.0505491048
434;0.0505543984
435;0.0505543984
436;0.0505543984
437;0.0505543984
438;0.0505543984
439;0.0505543984
440;0.0505557805
441;0.0505557805
442;0.0505557805
443;0.0505645126
444;0.0505656675
445;0.0505656675
446;0.0505656675
447;0.0505656675
448;0.0505743288
449;0.0505743809
450;0.0505743809
451;0.0505743809
452;0.0505883880
453;0.0505883880
454;0.0505889021
455;0.0505912490
456;0.0505992323
457;0.0505992323
458;0.0506015681
459;0.0506016798
460;0.0506021827
461;0.0506028794
462;0.0506028794
463;0.0506036282
464;0.0506036617
465;0.0506039672
466;0.0506039672
467;0.0506040342
468;0.0506091341
469;0.0506098084
470;0.0506178103
471;0.0506207012
472;0.0506296679
473;0.0506299585
474;0.0506314449
475;0.0506317094
476;0.0506554544
477;0.0506558307
478;0.0506558307
479;0.0506561324
480;0.0506565161
481;0.0506567694
482;0.0506567694
483;0.0506597869
484;0.0506605506
485;0.0506605506
486;0.0506629199
487;0.0506629199
488;0.0506630540
489;0.0506634191
490;0.0506639034
491;0.0506639108
492;0.0506639108
493;0.0506649204
494;0.0506649204
495;0.0506649204
496;0.0506659932
497;0.0506659932
498;0.0506664924
499;0.0506665371
500;0.0506665371
501;0.0506665371
502;0.0506726094
503;0.0506728329
504;0.0506728329
505;0.0506731495
506;0.0506761707
507;0.0506763756
508;0.0506769717
509;0.0506769717
510;0.0506769717
511;0.0506770127
512;0.0506785996
513;0.0506821796
514;0.0506821796
515;0.0506821796
516;0.0506929383
517;0.0506971963
518;0.0506972522
519;0.0506973378
520;0.0506977737
521;0.0506985299
522;0.0506985299
523;0.0506988391
524;0.0506988391
525;0.0506988391
526;0.0507000312
527;0.0507000312
528;0.0507000312
529;0.0507000312
530;0.0507004708
531;0.0507004708
532;0.0507004708
533;0.0507070683
534;0.0507070683
535;0.0507078208
536;0.0507078655
537;0.0507078655
538;0.0507078730
539;0.0507078730
540;0.0507081375
541;0.0507081375
542;0.0507096015
543;0.0507173128
544;0.0507173128
545;0.0507173128
546;0.0507175289
547;0.0507175289
548;0.0507266819
549;0.0507267751
550;0.0507270060
551;0.0507298931
552;0.0507298931
553;0.0507298931
554;0.0507298931
555;0.0507298931
556;0.0507298931
557;0.0507298931
558;0.0507419743
559;0.0507422164
560;0.0507427491
561;0.0507430732
562;0.0507441349
563;0.0507441349
564;0.0507441349
565;0.0507483147
566;0.0507483147
567;0.0507483147
568;0.0507483147
569;0.0507544279
570;0.0507544279
571;0.0507547818
572;0.0507547818
573;0.0507856347
574;0.0507881902
575;0.0507887974
576;0.0507891402
577;0.0507912189
578;0.0507932864
579;0.0507934541
580;0.0507934541
581;0.0507934541
582;0.0507934876
583;0.0507934876
584;0.0507934876
585;0.0507934876
586;0.0508005247
587;0.0508005247
588;0.0508005247
589;0.0508005247
590;0.0508005247
591;0.0508014485
592;0.0508014485
593;0.0508014597
594;0.0508014597
595;0.0508215427
596;0.0508270450
597;0.0508294106
598;0.0508313179
599;0.0508726276
600;0.0508726276
601;0.0508737043
602;0.0508752093
603;0.0508757830
604;0.0508757830
605;0.0508793294
606;0.0508793294
607;0.0508818328
608;0.0508832373
609;0.0508832373
610;0.0508849993
611;0.0508871861
612;0.0508871861
613;0.0508871861
614;0.0508871861
615;0.0508878790
616;0.0508878902
617;0.0508878902
618;0.0508945175
619;0.0508945175
620;0.0509027615
621;0.0509030819
622;0.0509034134
623;0.0509034134
624;0.0509034134
625;0.0509035029
626;0.0509037040
627;0.0509077758
628;0.0509154685
629;0.0509157218
630;0.0509157218
631;0.0509157218
632;0.0509158298
633;0.0509158298
634;0.0509158298
635;0.0509158298
636;0.0509271063
637;0.0509273149
638;0.0509273149
639;0.0509273149
640;0.0509273149
641;0.0509281121
642;0.0509281121
643;0.0509281121
644;0.0509281643
645;0.0509283058
646;0.0509305522
647;0.0509305522
648;0.0509353206
649;0.0509416088
650;0.0509433076
651;0.0509433076
652;0.0509449765
653;0.0509452745
654;0.0509477332
655;0.0509477332
656;0.0509480461
657;0.0509480461
658;0.0509504862
659;0.0509510599
660;0.0509510599
661;0.0509511642
662;0.0509511642
663;0.0509512052
664;0.0509515367
665;0.0509516560
666;0.0509516560
667;0.0509516560
668;0.0509516858
669;0.0509525873
670;0.0509750545
671;0.0509750545
672;0.0509750545
673;0.0509750545
674;0.0509750545
675;0.0509767234
676;0.0509767234
677;0.0509773269
678;0.0509773903
679;0.0509775206
680;0.0509775206
681;0.0509775393
682;0.0509775393
683;0.0509792343
684;0.0509792343
685;0.0509818979
686;0.0509867929
687;0.0509867929
688;0.0509897135
689;0.0510160774
690;0.0510161966
691;0.0510161966
692;0.0510206446
693;0.0510214381
694;0.0510214381
695;0.0510218553
696;0.0510218553
697;0.0510233082
698;0.0510236062
699;0.0510236062
700;0.0510236062
701;0.0510236062
702;0.0510275140
703;0.0510317609
704;0.0510333702
705;0.0510333702
706;0.0510381944
707;0.0510381944
708;0.0510381944
709;0.0510381944
710;0.0510381944
711;0.0510389879
712;0.0510389879
713;0.0510400608
714;0.0510405786
715;0.0510417409
716;0.0510417409
717;0.0510417819
718;0.0510417819
719;0.0510516800
720;0.0510771722
721;0.0510771722
722;0.0514362343
723;0.0514367707
724;0.0514367707
725;0.0514367707
726;0.0514498129
727;0.0514498129
728;0.0514595956
729;0.0514600202
730;0.0514627397
731;0.0514627397
732;0.0514627397
733;0.0514627397
734;0.0514627472
735;0.0514627472
736;0.0514657386
737;0.0514657609
738;0.0514682494
739;0.0514685512
740;0.0514686108
741;0.0515263863
742;0.0515266880
743;0.0515266880
744;0.0515276045
745;0.0515276752
746;0.0515280552
747;0.0515280552
748;0.0515280552
749;0.0515284948
750;0.0515284948
751;0.0515289940
752;0.0515289940
753;0.0515750162
754;0.0515819415
755;0.0515819415
756;0.0515819415
757;0.0515874028
758;0.0515892059
759;0.0515892617
760;0.0515917055
761;0.0516103320
762;0.0516103320
763;0.0516107194
764;0.0516167283
765;0.0516167283
766;0.0516167283
767;0.0516173430
768;0.0516173430
769;0.0516173430
770;0.0516187362
771;0.0516187362
772;0.0516187362
773;0.0516345836
774;0.0516345836
775;0.0516345836
776;0.0516480058
777;0.0516480058
778;0.0516482852
779;0.0516482852
780;0.0516494401
781;0.0516494401
782;0.0516494401
783;0.0516494401
784;0.0516579561
785;0.0516579561
786;0.0516579561
787;0.0516622104
788;0.0516624860
789;0.0516628176
790;0.0516633317
791;0.0516633317
792;0.0516633317
793;0.0516649745
794;0.0516923144
795;0.0516923144
796;0.0516923144
797;0.0516923144
798;0.0516975932
799;0.0516975932
800;0.0516984724
801;0.0516984724
802;0.0516989455
803;0.0516989566
804;0.0516990200
805;0.0517007671
806;0.0517007671
807;0.0517007671
808;0.0517008044
809;0.0517015010
810;0.0517020822
811;0.0517040640
812;0.0517108925
813;0.0517113358
814;0.0517119020
815;0.0517119169
816;0.0517122336
817;0.0517127141
818;0.0517134219
819;0.0517134219
820;0.0517135970
821;0.0517176017
822;0.0517179109
823;0.0517193861
824;0.0517193861
825;0.0517193861
826;0.0517248139
827;0.0517249666
828;0.0517249666
829;0.0517259128
830;0.0517259166
831;0.0517264903
832;0.0517267473
833;0.0517267473
834;0.0517274737
835;0.0517277904
836;0.0517354980
837;0.0517373309
838;0.0517397709
839;0.0517405011
840;0.0517508127
841;0.0517532527
842;0.0517595448
843;0.0517637245
844;0.0517637245
845;0.0517642498
846;0.0517677367
847;0.0517677814
848;0.0517677814
849;0.0517684333
850;0.0517688245
851;0.0517694950
852;0.0517698787
853;0.0517733581
854;0.0517740957
855;0.0517742187
856;0.0517742187
857;0.0517771393
858;0.0517771393
859;0.0517821871
860;0.0517867208
861;0.0517867208
862;0.0517900996
863;0.0517994724
864;0.0517994724
865;0.0517994724
866;0.0517994724
867;0.0517997593
868;0.0517997742
869;0.0517997742
870;0.0518006720
871;0.0518006720
872;0.0518011190
873;0.0518011563
874;0.0518015102
875;0.0518028848
876;0.0518032499
877;0.0518032499
878;0.0518047027
879;0.0518095158
880;0.0518097728
881;0.0518097728
882;0.0518099666
883;0.0518138558
884;0.0518138558
885;0.0518139638
886;0.0518191122
887;0.0518205091
888;0.0518325903
889;0.0518325903
890;0.0518354401
891;0.0518354401
892;0.0518354401
893;0.0518423580
894;0.0518425740
895;0.0518444516
896;0.0518444516
897;0.0518444516
898;0.0518461689
899;0.0518480502
900;0.0518508255
901;0.0518508255
902;0.0518508255
903;0.0518520959
904;0.0518520959
905;0.0518526919
906;0.0518536530
907;0.0518540852
908;0.0518540852
909;0.0518540852
910;0.0518541485
911;0.0518546328
912;0.0518546328
913;0.0518546328
914;0.0518555790
915;0.0518555790
916;0.0518555790
917;0.0518555790
918;0.0518563464
919;0.0518567339
920;0.0518567786
921;0.0518569425
922;0.0518569425
923;0.0518569425
924;0.0518588498
925;0.0518588498
926;0.0518588498
927;0.0518645644
928;0.0518653244
929;0.0518653244
930;0.0518654436
931;0.0518655255
932;0.0518655255
933;0.0518655255
934;0.0518655255
935;0.0518655255
936;0.0518655255
937;0.0518666059
938;0.0518666059
939;0.0518666953
940;0.0518666953
941;0.0518928766
942;0.0518928766
943;0.0518932268
944;0.0518932268
945;0.0518932268
946;0.0518933497
947;0.0518971235
948;0.0518972203
949;0.0518972203
950;0.0518972203
951;0.0518972203
952;0.0518972576
953;0.0518976524
954;0.0518976524
955;0.0518976524
956;0.0518976524
957;0.0518976524
958;0.0518976524
959;0.0518993475
960;0.0518994257
961;0.0518994257
962;0.0518994257
963;0.0519017465
964;0.0519017465
965;0.0519017465
966;0.0519017465
967;0.0519017465
968;0.0519017465
969;0.0519017465
970;0.0519040711
971;0.0519040711
972;0.0519040711
973;0.0519042090
974;0.0519042090
975;0.0519042239
976;0.0519042239
977;0.0519042239
978;0.0519042239
979;0.0519042239
980;0.0519043729
981;0.0519043729
982;0.0519064032
983;0.0519067980
984;0.0519067980
985;0.0519067980
986;0.0519067980
987;0.0519067980
988;0.0519067980
989;0.0519067980
990;0.0519069470
991;0.0519069470
992;0.0519069470
993;0.0519069470
994;0.0519069470
995;0.0519100353
996;0.0519100353
997;0.0519100353
998;0.0519100353
999;0.0519100353
1000;0.0519100353
1001;0.0519105755
1002;0.0519129820
1003;0.0519129820
1004;0.0519189723
1005;0.0519189723
1006;0.0519189723
1007;0.0519189723
1008;0.0519193672
1009;0.0519194081
1010;0.0519194081
1011;0.0519194081
1012;0.0519194081
1013;0.0519194081
1014;0.0519194081
1015;0.0519213714
1016;0.0519213714
1017;0.0519214384
1018;0.0519215614
1019;0.0519215614
1020;0.0519216619
1021;0.0519216619
1022;0.0519315153
1023;0.0519315153
1024;0.0519315153
1025;0.0519315153
1026;0.0519317314
1027;0.0519317314
1028;0.0519317314
1029;0.0519317314
1030;0.0519345440
1031;0.0519405268
1032;0.0519419536
1033;0.0519419536
1034;0.0519419536
1035;0.0519419536
1036;0.0519419536
1037;0.0519419536
1038;0.0519419536
1039;0.0519429632
1040;0.0519429818
1041;0.0519429818
1042;0.0519429818
1043;0.0519429818
1044;0.0519429818
1045;0.0519459471
1046;0.0519459471
1047;0.0519459471
1048;0.0519459471
1049;0.0519467331
1050;0.0519467853
1051;0.0519467853
1052;0.0519467853
1053;0.0519467853
1054;0.0519468561
1055;0.0519468561
1056;0.0519468561
1057;0.0519468561
1058;0.0519468561
1059;0.0519468561
1060;0.0519468561
1061;0.0519468561
1062;0.0519468561
1063;0.0519468561
1064;0.0519469902
1065;0.0519469902
1066;0.0519475229
1067;0.0519475229
1068;0.0519475415
1069;0.0519475415
1070;0.0519475415
1071;0.0519475415
1072;0.0519475415
1073;0.0519475415
1074;0.0519475415
1075;0.0519475415
1076;0.0519475415
1077;0.0519475490
1078;0.0519475490
1079;0.0519490205
1080;0.0519490205
1081;0.0519512519
1082;0.0519512519
1083;0.0519512519
1084;0.0519516021
1085;0.0519516021
1086;0.0519527867
1087;0.0519529618
1088;0.0519540943
1089;0.0519544408
1090;0.0519546010
1091;0.0519546010
1092;0.0519546010
1093;0.0519552231
1094;0.0519552231
1095;0.0519552417
1096;0.0519552417
1097;0.0519552417
1098;0.0519552417
1099;0.0519552417
1100;0.0519552417
1101;0.0519552417
1102;0.0519567728
1103;0.0519571938
1104;0.0519576035
1105;0.0519576035
1106;0.0519721992
1107;0.0519721992
1108;0.0519721992
1109;0.0519725643
1110;0.0519727841
1111;0.0519728698
1112;0.0519728698
1113;0.0519728698
1114;0.0519748107
1115;0.0519748107
1116;0.0519748107
1117;0.0519748107
1118;0.0519748293
1119;0.0519748293
1120;0.0519748293
1121;0.0519748293
1122;0.0519748293
1123;0.0519748293
1124;0.0519748293
1125;0.0519754440
1126;0.0519758426
1127;0.0519758426
1128;0.0519758426
1129;0.0519758426
1130;0.0519758612
1131;0.0519758612
1132;0.0519758612
1133;0.0519758612
1134;0.0519758612
1135;0.0519758612
1136;0.0519758612
1137;0.0519758612
1138;0.0519758612
1139;0.0519758612
1140;0.0519758612
1141;0.0519758612
1142;0.0519796908
1143;0.0519796908
1144;0.0519796908
1145;0.0519798249
1146;0.0519800298
1147;0.0519800298
1148;0.0519800298
1149;0.0519802570
1150;0.0519802570
1151;0.0519802570
1152;0.0519802570
1153;0.0519802570
1154;0.0519806109
1155;0.0519806109
1156;0.0519810617
1157;0.0519848615
1158;0.0519848615
1159;0.0519848615
1160;0.0519848764
1161;0.0519895963
1162;0.0519897267
1163;0.0519897267
1164;0.0519898944
1165;0.0519898944
1166;0.0519898944
1167;0.0519898944
1168;0.0519898944
1169;0.0519898944
1170;0.0519898944
1171;0.0519898944
1172;0.0519898944
1173;0.0519898944
1174;0.0519905575
1175;0.0519905575
1176;0.0519905575
1177;0.0519905575
1178;0.0519935191
1179;0.0519935191
1180;0.0519945659
1181;0.0519945659
1182;0.0519957691
1183;0.0519957691
1184;0.0519957691
1185;0.0519957691
1186;0.0519957691
1187;0.0519957691
1188;0.0519960634
1189;0.0519960634
1190;0.0519977063
1191;0.0519982688
1192;0.0519984290
1193;0.0519985333
1194;0.0519993417
1195;0.0519993417
1196;0.0519997515
1197;0.0520005748
1198;0.0520005748
1199;0.0520029515
1200;0.0520029515
1201;0.0520029515
1202;0.0520029515
1203;0.0520029515
1204;0.0520033240
1205;0.0520033240
1206;0.0520033240
1207;0.0520033240
1208;0.0520033240
1209;0.0520033762
1210;0.0520040244
1211;0.0520040244
1212;0.0520040244
1213;0.0520040244
1214;0.0520248599
1215;0.0520248599
1216;0.0520248599
1217;0.0520248599
1218;0.0520572886
1219;0.0520572886
1220;0.0520572886
1221;0.0520691723
1222;0.0520691723
1223;0.0520691723
1224;0.0520699769
1225;0.0520699769
1226;0.0520738326
1227;0.0520739332
1228;0.0520739332
1229;0.0520739332
1230;0.0520739369
1231;0.0520746596
1232;0.0520746596
1233;0.0520752259
1234;0.0520752259
1235;0.0520752259
1236;0.0520753749
1237;0.0520753749
1238;0.0520756803
1239;0.0520780757
1240;0.0520780757
1241;0.0520780757
1242;0.0520782508
1243;0.0520782880
1244;0.0520782880
1245;0.0520782880
1246;0.0520782880
1247;0.0520789139
1248;0.0520791858
1249;0.0520833470
1250;0.0520833470
1251;0.0520833619
1252;0.0520833619
1253;0.0520833619
1254;0.0520833619
1255;0.0520834364
1256;0.0520834364
1257;0.0520834364
1258;0.0520834364
1259;0.0520834364
1260;0.0520834364
1261;0.0520834364
1262;0.0520834364
1263;0.0520863310
1264;0.0520863310
1265;0.0520863384
1266;0.0520863384
1267;0.0520863384
1268;0.0520863384
1269;0.0520866625
1270;0.0520866625
1271;0.0520866625
1272;0.0520866625
1273;0.0520866625
1274;0.0520866700
1275;0.0520866700
1276;0.0520888977
1277;0.0520888977
1278;0.0520888977
1279;0.0520888977
1280;0.0520888977
1281;0.0520892031
1282;0.0520971753
1283;0.0520971753
1284;0.0520979166
1285;0.0520979166
1286;0.0520979166
1287;0.0520979166
1288;0.0520979166
1289;0.0520979166
1290;0.0520979166
1291;0.0520979166
1292;0.0520984866
1293;0.0520984866
1294;0.0520984866
1295;0.0520989969
1296;0.0520989969
1297;0.0520990603
1298;0.0520990603
1299;0.0520990603
1300;0.0520990603
1301;0.0520990603
1302;0.0520993769
1303;0.0521021523
1304;0.0521021523
1305;0.0521021523
1306;0.0521021523
1307;0.0521021523
1308;0.0521021858
1309;0.0521021858
1310;0.0521021858
1311;0.0521021858
1312;0.0521021858
1313;0.0521135181
1314;0.0521135181
1315;0.0521135181
1316;0.0521135181
1317;0.0521137342
1318;0.0521137342
1319;0.0521137342
1320;0.0521137342
1321;0.0521144457
1322;0.0521144457
1323;0.0521144457
1324;0.0521144457
1325;0.0521153770
1326;0.0521153770
1327;0.0521153770
1328;0.0521383733
1329;0.0521383733
1330;0.0521383733
1331;0.0521422476
1332;0.0521422476
1333;0.0521422476
1334;0.0521422476
1335;0.0521422885
1336;0.0521422885
1337;0.0521422885
1338;0.0521422885
1339;0.0521423407
1340;0.0521423407
1341;0.0521424860
1342;0.0521424860
1343;0.0521424860
1344;0.0521424860
1345;0.0521424860
1346;0.0521424860
1347;0.0521448702
1348;0.0521448702
1349;0.0521448702
1350;0.0521448702
1351;0.0521498546
1352;0.0521498695
1353;0.0521498695
1354;0.0521498695
1355;0.0521499142
1356;0.0521499142
1357;0.0521499142
1358;0.0521499291
1359;0.0521499291
1360;0.0521592349
1361;0.0521592349
1362;0.0521592349
1363;0.0521592349
1364;0.0521592349
1365;0.0521592349
1366;0.0521592349
1367;0.0521592349
1368;0.0521606207
1369;0.0521607138
1370;0.0521608703
1371;0.0521608703
1372;0.0521608703
1373;0.0521608703
1374;0.0521608703
1375;0.0521608703
1376;0.0521609597
1377;0.0521609597
1378;0.0521609597
1379;0.0521609597
1380;0.0521609783
1381;0.0521609783
1382;0.0521609783
1383;0.0521609783
1384;0.0521609783
1385;0.0521612614
1386;0.0521612614
1387;0.0521612614
1388;0.0521612614
1389;0.0521612614
1390;0.0521612614
1391;0.0521612614
1392;0.0521612614
1393;0.0521612614
1394;0.0521612614
1395;0.0521621630
1396;0.0521621630
1397;0.0521621630
1398;0.0521621630
1399;0.0521621630
1400;0.0521621630
1401;0.0521622822
1402;0.0521623790
1403;0.0521623790
1404;0.0521623790
1405;0.0521623790
1406;0.0521623790
1407;0.0521623977
1408;0.0521623977
1409;0.0521623977
1410;0.0521623977
1411;0.0521623977
1412;0.0521623977
1413;0.0521623977
1414;0.0521623977
1415;0.0521642007
1416;0.0521642007
1417;0.0521642007
1418;0.0521644056
1419;0.0521644056
1420;0.0521670207
1421;0.0521770716
1422;0.0521771796
1423;0.0521771796
1424;0.0521771796
1425;0.0521771796
1426;0.0521771796
1427;0.0521771796
1428;0.0521798953
1429;0.0521802306
1430;0.0521802306
1431;0.0521807633
1432;0.0521807633
1433;0.0521807633
1434;0.0521808304
1435;0.0521808304
1436;0.0521870628
1437;0.0521870628
1438;0.0521870628
1439;0.0521871001
1440;0.0521873310
1441;0.0521879680
1442;0.0521879680
1443;0.0521879680
1444;0.0521879680
1445;0.0521888472
1446;0.0521898493
1447;0.0521898493
1448;0.0521912985
1449;0.0521912985
1450;0.0521912985
1451;0.0521912985
1452;0.0521912985
1453;0.0521914549
1454;0.0521924198
1455;0.0521928146
1456;0.0521928146
1457;0.0521940216
1458;0.0521940216
1459;0.0521940216
1460;0.0521940216
1461;0.0521940216
1462;0.0521940216
1463;0.0521940216
1464;0.0521940216
1465;0.0521941185
1466;0.0521941185
1467;0.0521941185
1468;0.0521941185
1469;0.0521941185
1470;0.0521941185
1471;0.0521941185
1472;0.0521941185
1473;0.0521965362
1474;0.0521965362
1475;0.0521965362
1476;0.0521965362
1477;0.0521965362
1478;0.0521965362
1479;0.0521965362
1480;0.0521965362
1481;0.0521978028
1482;0.0521978028
1483;0.0521981530
1484;0.0521981642
1485;0.0521981642
1486;0.0521982200
1487;0.0521982200
1488;0.0521982200
1489;0.0521985404
1490;0.0521986447
1491;0.0521986447
1492;0.0521986447
1493;0.0521986857
1494;0.0522004552
1495;0.0522004552
1496;0.0522004850
1497;0.0522004850
1498;0.0522004850
1499;0.0522004850
1500;0.0522004850
1501;0.0522004850
1502;0.0522019938
1503;0.0522019938
1504;0.0522019938
1505;0.0522019938
1506;0.0522022992
1507;0.0522022992
1508;0.0522023290
1509;0.0522023663
1510;0.0522023663
1511;0.0522023663
1512;0.0522030219
1513;0.0522030219
1514;0.0522051007
1515;0.0522051007
1516;0.0522051007
1517;0.0522051007
1518;0.0522051118
1519;0.0522051118
1520;0.0522052050
1521;0.0522063635
1522;0.0522063635
1523;0.0522064120
1524;0.0522064120
1525;0.0522064120
1526;0.0522064120
1527;0.0522064120
1528;0.0522196442
1529;0.0522267707
1530;0.0522267707
1531;0.0522267707
1532;0.0522268116
1533;0.0522268116
1534;0.0522268116
1535;0.0522268116
1536;0.0522268116
1537;0.0522268116
1538;0.0522268116
1539;0.0522268228
1540;0.0522268228
1541;0.0522268228
1542;0.0522268228
1543;0.0522268340
1544;0.0522297733
1545;0.0522297733
1546;0.0522341691
1547;0.0522345640
1548;0.0522345640
1549;0.0522392765
1550;0.0522392802
1551;0.0522406027
1552;0.0522407815
1553;0.0522407815
1554;0.0522407815
1555;0.0522407889
1556;0.0522408113
1557;0.0522408113
1558;0.0522408374
1559;0.0522408374
1560;0.0522408597
1561;0.0522408597
1562;0.0522408597
1563;0.0522408597
1564;0.0522408597
1565;0.0522412583
1566;0.0522412583
1567;0.0522412583
1568;0.0522412583
1569;0.0522412583
1570;0.0522412583
1571;0.0522412583
1572;0.0522412583
1573;0.0522419736
1574;0.0522419736
1575;0.0522419736
1576;0.0522419736
1577;0.0522419736
1578;0.0522419736
1579;0.0522419736
1580;0.0522419736
1581;0.0522437021
1582;0.0522437021
1583;0.0522437021
1584;0.0522437021
1585;0.0522437021
1586;0.0522438399
1587;0.0522438399
1588;0.0522438399
1589;0.0522515215
1590;0.0522515215
1591;0.0522515215
1592;0.0522515215
1593;0.0522515215
1594;0.0522515215
1595;0.0522516705
1596;0.0522516705
1597;0.0522516705
1598;0.0522517040
1599;0.0522538498
1600;0.0522538498
1601;0.0522562750
1602;0.0522562750
1603;0.0522562750
1604;0.0522564948
1605;0.0522605143
1606;0.0522610098
1607;0.0522610098
1608;0.0522610098
1609;0.0522610731
1610;0.0522610731
1611;0.0522674918
1612;0.0522674918
1613;0.0522679910
1614;0.0522679910
1615;0.0522679910
1616;0.0522679910
1617;0.0522708073
1618;0.0522708073
1619;0.0522708073
1620;0.0522714853
1621;0.0522714853
1622;0.0522714853
1623;0.0522714853
1624;0.0522714853
1625;0.0522714853
1626;0.0522714853
1627;0.0522766449
1628;0.0522766449
1629;0.0522766449
1630;0.0522766449
1631;0.0522766449
1632;0.0522766709
1633;0.0522766709
1634;0.0522766709
1635;0.0522766709
1636;0.0522766709
1637;0.0522766709
1638;0.0522766709
1639;0.0522766747
1640;0.0522766747
1641;0.0522767492
1642;0.0522767492
1643;0.0522767529
1644;0.0522767529
1645;0.0522767529
1646;0.0522771142
1647;0.0522771552
1648;0.0522771552
1649;0.0522772446
1650;0.0522772446
1651;0.0522772446
1652;0.0522775054
1653;0.0522775054
1654;0.0522775054
1655;0.0522775054
1656;0.0522775762
1657;0.0522775762
1658;0.0522776097
1659;0.0522776358
1660;0.0522785187
1661;0.0522785187
1662;0.0522793941
1663;0.0522793941
1664;0.0522793941
1665;0.0522793941
1666;0.0522793941
1667;0.0522794016
1668;0.0522794016
1669;0.0522794016
1670;0.0522794276
1671;0.0522794276
1672;0.0522794276
1673;0.0522794276
1674;0.0522794276
1675;0.0522794276
1676;0.0522794276
1677;0.0522794276
1678;0.0522794276
1679;0.0522796772
1680;0.0522797070
1681;0.0522797257
1682;0.0522797257
1683;0.0522797257
1684;0.0522797257
1685;0.0522797257
1686;0.0522797257
1687;0.0522797257
1688;0.0522797257
1689;0.0522797257
1690;0.0522797257
1691;0.0522797257
1692;0.0522797257
1693;0.0522797257
1694;0.0522797257
1695;0.0522797257
1696;0.0522797257
1697;0.0522797257
1698;0.0522797257
1699;0.0522797592
1700;0.0522797592
1701;0.0522797592
1702;0.0522797592
1703;0.0522797592
1704;0.0522797592
1705;0.0522797592
1706;0.0522797592
1707;0.0522797592
1708;0.0522797592
1709;0.0522797592
1710;0.0522797592
1711;0.0522797592
1712;0.0522797592
1713;0.0522797816
1714;0.0522797816
1715;0.0522797853
1716;0.0522801057
1717;0.0522801057
1718;0.0522801057
1719;0.0522801057
1720;0.0522801057
1721;0.0522801057
1722;0.0522804856
1723;0.0522830412
1724;0.0522830412
1725;0.0522830412
1726;0.0522830412
1727;0.0522830412
1728;0.0522830412
1729;0.0522830412
1730;0.0522830524
1731;0.0522830524
1732;0.0522830524
1733;0.0522830561
1734;0.0522830561
1735;0.0522831343
1736;0.0522833951
1737;0.0522833951
1738;0.0522833951
1739;0.0522835888
1740;0.0522835888
1741;0.0522835888
1742;0.0522835888
1743;0.0522835888
1744;0.0522835888
1745;0.0522835888
1746;0.0522835888
1747;0.0522835888
1748;0.0522835888
1749;0.0522835888
1750;0.0522836223
1751;0.0522836223
1752;0.0522836223
1753;0.0522836223
1754;0.0522836223
1755;0.0522836223
1756;0.0522836223
1757;0.0522836223
1758;0.0522877797
1759;0.0522877797
1760;0.0522877797
1761;0.0522877797
1762;0.0522877797
1763;0.0522877797
1764;0.0522882454
1765;0.0522882454
1766;0.0522882454
1767;0.0522882454
1768;0.0522882454
1769;0.0522886179
1770;0.0522899590
1771;0.0522899590
1772;0.0522899590
1773;0.0522899590
1774;0.0522899590
1775;0.0522899590
1776;0.0522899590
1777;0.0522899590
1778;0.0522902161
1779;0.0522902161
1780;0.0522902161
1781;0.0522902161
1782;0.0522902161
1783;0.0522902161
1784;0.0522902161
1785;0.0522902161
1786;0.0522902161
1787;0.0522902161
1788;0.0522902161
1789;0.0522902161
1790;0.0522902161
1791;0.0522902161
1792;0.0522902161
1793;0.0522902161
1794;0.0522902161
1795;0.0522902161
1796;0.0523050167
1797;0.0523050167
1798;0.0523057543
1799;0.0523088202
1800;0.0523088202
1801;0.0523088202
1802;0.0523088202
1803;0.0523100160
1804;0.0523100160
1805;0.0523107238
1806;0.0523107238
1807;0.0523107238
1808;0.0523107313
1809;0.0523107313
1810;0.0523139462
1811;0.0523139462
1812;0.0523139462
1813;0.0523139462
1814;0.0523139462
1815;0.0523145050
1816;0.0523213632
1817;0.0523216985
1818;0.0523218699
1819;0.0523224175
1820;0.0523224175
1821;0.0523224175
1822;0.0523224175
1823;0.0523224175
1824;0.0523224175
1825;0.0523224510
1826;0.0523224510
1827;0.0523224510
1828;0.0523224510
1829;0.0523224510
1830;0.0523224510
1831;0.0523224510
1832;0.0523224510
1833;0.0523224510
1834;0.0523224510
1835;0.0523236915
1836;0.0523236915
1837;0.0523236915
1838;0.0523241162
1839;0.0523241162
1840;0.0523241162
1841;0.0523242727
1842;0.0523242727
1843;0.0523242727
1844;0.0523242727
1845;0.0523242727
1846;0.0523242764
1847;0.0523315370
1848;0.0523315370
1849;0.0523367822
1850;0.0523367822
1851;0.0523367822
1852;0.0523367822
1853;0.0523367822
1854;0.0523367822
1855;0.0523367859
1856;0.0523367859
1857;0.0523395576
1858;0.0523395576
1859;0.0523395576
1860;0.0523395576
1861;0.0523395576
1862;0.0523395576
1863;0.0523395576
1864;0.0523395576
1865;0.0523396619
1866;0.0523396619
1867;0.0523396619
1868;0.0523396619
1869;0.0523396619
1870;0.0523396768
1871;0.0523396768
1872;0.0523396768
1873;0.0523396768
1874;0.0523401611
1875;0.0523401611
1876;0.0523401611
1877;0.0523401611
1878;0.0523401611
1879;0.0523401611
1880;0.0523428023
1881;0.0523428023
1882;0.0523431338
1883;0.0523431338
1884;0.0523431338
1885;0.0523431338
1886;0.0523431450
1887;0.0523431450
1888;0.0523432493
1889;0.0523432493
1890;0.0523432754
1891;0.0523432754
1892;0.0523432754
1893;0.0523432754
1894;0.0523438267
1895;0.0523438267
1896;0.0523438267
1897;0.0523440167
1898;0.0523440167
1899;0.0523440167
1900;0.0523440167
1901;0.0523440167
1902;0.0523440167
1903;0.0523440167
1904;0.0523440167
1905;0.0523440167
1906;0.0523440167
1907;0.0523440167
1908;0.0523440167
1909;0.0523453243
1910;0.0523453243
1911;0.0523453243
1912;0.0523453243
1913;0.0523453243
1914;0.0523453243
1915;0.0523453243
1916;0.0523453243
1917;0.0523453243
1918;0.0523453243
1919;0.0523453243
1920;0.0523453243
1921;0.0523455143
1922;0.0523473062
1923;0.0523473062
1924;0.0523473062
1925;0.0523473062
1926;0.0523473062
1927;0.0523479469
1928;0.0523479469
1929;0.0523479469
1930;0.0523479469
1931;0.0523479469
1932;0.0523479469
1933;0.0523479469
1934;0.0523483828
1935;0.0523483828
1936;0.0523483828
1937;0.0523483828
1938;0.0523483828
1939;0.0523483828
1940;0.0523483828
1941;0.0523483828
1942;0.0523483828
1943;0.0523483828
1944;0.0523483828
1945;0.0523483828
1946;0.0523483828
1947;0.0523483828
1948;0.0523483828
1949;0.0523483828
1950;0.0523483828
1951;0.0523483828
1952;0.0523485094
1953;0.0523485094
1954;0.0523485094
1955;0.0523485094
1956;0.0523485094
1957;0.0523485094
1958;0.0523485094
1959;0.0523485094
1960;0.0523485094
1961;0.0523485094
1962;0.0523485094
1963;0.0523485094
1964;0.0523485094
1965;0.0523486808
1966;0.0523486808
1967;0.0523486808
1968;0.0523486808
1969;0.0523486808
1970;0.0523486808
1971;0.0523486808
1972;0.0523486808
1973;0.0523486808
1974;0.0523489453
1975;0.0523490980
1976;0.0523490980
1977;0.0523490980
1978;0.0523490980
1979;0.0523490980
1980;0.0523490980
1981;0.0523490980
1982;0.0523490980
1983;0.0523490980
1984;0.0523490980
1985;0.0523490980
1986;0.0523490980
1987;0.0523490980
1988;0.0523490980
1989;0.0523490980
1990;0.0523515642
1991;0.0523516163
1992;0.0523516387
1993;0.0523516387
1994;0.0523516387
1995;0.0523516387
1996;0.0523518324
1997;0.0523518324
1998;0.0523518324
1999;0.0523518324
2000;0.0523518324
