Generación;Mejor Fitness
1;0.0415306650
2;0.0415306650
3;0.0415563695
4;0.0415563695
5;0.0415563695
6;0.0417954810
7;0.0417954810
8;0.0417954810
9;0.0417954810
10;0.0417954810
11;0.0418404154
12;0.0418404154
13;0.0418541506
14;0.0419018865
15;0.0419448055
16;0.0419679768
17;0.0419679768
18;0.0419679768
19;0.0420017168
20;0.0420017168
21;0.0420017168
22;0.0420017168
23;0.0420275480
24;0.0420849323
25;0.0420849323
26;0.0420849323
27;0.0420849323
28;0.0420849323
29;0.0421144590
30;0.0421157181
31;0.0421157181
32;0.0421157181
33;0.0421157181
34;0.0421212614
35;0.0421493798
36;0.0421493798
37;0.0421493798
38;0.0421493798
39;0.0421499386
40;0.0421499386
41;0.0421499386
42;0.0421499386
43;0.0421888717
44;0.0421939455
45;0.0421939455
46;0.0421959125
47;0.0421959125
48;0.0422148779
49;0.0422148779
50;0.0422249623
51;0.0422371142
52;0.0422371142
53;0.0422472730
54;0.0422472730
55;0.0422472730
56;0.0422472730
57;0.0422472730
58;0.0422472730
59;0.0422472730
60;0.0422578678
61;0.0422578678
62;0.0422578678
63;0.0422578678
64;0.0422578678
65;0.0422578678
66;0.0422578678
67;0.0422578678
68;0.0422578678
69;0.0422578678
70;0.0422578678
71;0.0422578678
72;0.0422578678
73;0.0422809869
74;0.0422809869
75;0.0422809869
76;0.0422939435
77;0.0422964506
78;0.0422939435
79;0.0423149988
80;0.0423149988
81;0.0423149988
82;0.0424131788
83;0.0424131788
84;0.0424131788
85;0.0424131788
86;0.0424137264
87;0.0424253009
88;0.0424253009
89;0.0424253009
90;0.0424253009
91;0.0424253009
92;0.0424412824
93;0.0424412824
94;0.0424412824
95;0.0424412824
96;0.0424412824
97;0.0424412824
98;0.0424412824
99;0.0424412824
100;0.0424412824
101;0.0424412824
102;0.0425093472
103;0.0425093472
104;0.0425093472
105;0.0425093472
106;0.0425093472
107;0.0425093472
108;0.0425093472
109;0.0425093472
110;0.0425554998
111;0.0425095819
112;0.0425095819
113;0.0425124317
114;0.0425124317
115;0.0425153598
116;0.0425153598
117;0.0425167158
118;0.0425167158
119;0.0425257385
120;0.0425257385
121;0.0425308682
122;0.0425308682
123;0.0425308682
124;0.0425325185
125;0.0425326489
126;0.0425326489
127;0.0425326489
128;0.0425326489
129;0.0425326489
130;0.0425326489
131;0.0425326489
132;0.0425326489
133;0.0425366387
134;0.0425366387
135;0.0425366387
136;0.0425366387
137;0.0425366387
138;0.0425366387
139;0.0425366387
140;0.0425366387
141;0.0425366387
142;0.0425564051
143;0.0425564051
144;0.0425564051
145;0.0425584055
146;0.0425584055
147;0.0425584055
148;0.0425584055
149;0.0425584055
150;0.0425584055
151;0.0425634049
152;0.0425634049
153;0.0425634049
154;0.0425634049
155;0.0425634049
156;0.0425634049
157;0.0425634049
158;0.0425634049
159;0.0425676517
160;0.0425676517
161;0.0425720066
162;0.0425720066
163;0.0425720066
164;0.0425720066
165;0.0425720066
166;0.0425720066
167;0.0425720066
168;0.0425734892
169;0.0425734892
170;0.0425734892
171;0.0425734892
172;0.0425734892
173;0.0425734892
174;0.0425734892
175;0.0425734892
176;0.0425734892
177;0.0425734892
178;0.0425734892
179;0.0425734892
180;0.0425736047
181;0.0425736047
182;0.0425736047
183;0.0425736047
184;0.0425736047
185;0.0425736047
186;0.0425736047
187;0.0425736047
188;0.0425820574
189;0.0425820574
190;0.0425820574
191;0.0425820574
192;0.0425820574
193;0.0425820574
194;0.0425832868
195;0.0425832868
196;0.0425832868
197;0.0425832868
198;0.0425832868
199;0.0425847769
200;0.0425847769
