Generación;Mejor Fitness
1;0.0460176654
2;0.0460595824
3;0.0460766964
4;0.0461479202
5;0.0461634248
6;0.0461790450
7;0.0462640896
8;0.0462862290
9;0.0463023819
10;0.0464091152
11;0.0464363210
12;0.0464547686
13;0.0464947484
14;0.0465211086
15;0.0465402380
16;0.0465677008
17;0.0465955883
18;0.0466026925
19;0.0466110259
20;0.0466265865
21;0.0466645882
22;0.0467222966
23;0.0467605926
24;0.0467701554
25;0.0467958860
26;0.0468162112
27;0.0468290225
28;0.0468548946
29;0.0468644276
30;0.0468747541
31;0.0469045080
32;0.0469719507
33;0.0469960049
34;0.0470136181
35;0.0470177345
36;0.0470245108
37;0.0470329933
38;0.0470425300
39;0.0470868163
40;0.0470919721
41;0.0471331738
42;0.0471559577
43;0.0471696109
44;0.0471718051
45;0.0471822768
46;0.0472001098
47;0.0472461656
48;0.0472579487
49;0.0472754575
50;0.0472931564
51;0.0473289117
52;0.0473627895
53;0.0475350581
54;0.0475464836
55;0.0475640744
56;0.0475681908
57;0.0475809164
58;0.0475867018
59;0.0476114936
60;0.0476152301
61;0.0476199947
62;0.0476217717
63;0.0476261750
64;0.0476469621
65;0.0476546697
66;0.0476564392
67;0.0476569831
68;0.0476645231
69;0.0476724729
70;0.0477599725
71;0.0477708317
72;0.0477780476
73;0.0477791876
74;0.0477808155
75;0.0478041582
76;0.0478085801
77;0.0478180014
78;0.0478273891
79;0.0478308015
80;0.0478342921
81;0.0478368551
82;0.0478414111
83;0.0478585288
84;0.0478673279
85;0.0478679612
86;0.0478778332
87;0.0478998236
88;0.0479092747
89;0.0479195975
90;0.0479267649
91;0.0479344875
92;0.0479375459
93;0.0479437150
94;0.0479628108
95;0.0481398031
96;0.0481419861
97;0.0481602252
98;0.0481852032
99;0.0481874943
100;0.0482085794
101;0.0482104346
102;0.0482197702
103;0.0482213460
104;0.0482873395
105;0.0482890159
106;0.0482890159
107;0.0483006276
108;0.0483110026
109;0.0483115613
110;0.0484190099
111;0.0484388620
112;0.0484874845
113;0.0484968498
114;0.0486438274
115;0.0486475080
116;0.0486622192
117;0.0486661494
118;0.0486671999
119;0.0486681946
120;0.0486681946
121;0.0486711450
122;0.0486775562
123;0.0486789793
124;0.0486834012
125;0.0486868098
126;0.0486886762
127;0.0486903861
128;0.0486904941
129;0.0487000123
130;0.0487279296
131;0.0487346277
132;0.0487357229
133;0.0487376638
134;0.0487415232
135;0.0487445593
136;0.0487446487
137;0.0487492532
138;0.0487606972
139;0.0487715341
140;0.0487747155
141;0.0487758256
142;0.0487761758
143;0.0487809554
144;0.0487824455
145;0.0487853736
146;0.0488158092
147;0.0488231741
148;0.0488255061
149;0.0488260537
150;0.0488271452
151;0.0488352776
152;0.0488483422
153;0.0488501079
154;0.0488544330
155;0.0488551594
156;0.0488555320
157;0.0488583073
158;0.0488588512
159;0.0488597415
160;0.0488602668
161;0.0488643236
162;0.0488656722
163;0.0488671400
164;0.0488717072
165;0.0488724224
166;0.0488728508
167;0.0488743074
168;0.0488751046
169;0.0488754660
170;0.0488757715
171;0.0488760024
172;0.0488832667
173;0.0488846861
174;0.0490674600
175;0.0490675420
176;0.0490690395
177;0.0490790009
178;0.0490790009
179;0.0490792766
180;0.0490907207
181;0.0490922853
182;0.0490981489
183;0.0491162948
184;0.0491508655
185;0.0491678864
186;0.0491686016
187;0.0491694175
188;0.0491744094
189;0.0491751730
190;0.0492071472
191;0.0492116287
192;0.0492124781
193;0.0492249094
194;0.0492339805
195;0.0492676497
196;0.0492707267
197;0.0492765233
198;0.0492830314
199;0.0492999256
200;0.0493024662
201;0.0493058227
202;0.0493088774
203;0.0493095703
204;0.0493124686
205;0.0493133403
206;0.0493150167
207;0.0493306555
208;0.0493335165
209;0.0493555479
210;0.0493579358
211;0.0493733250
212;0.0493757948
213;0.0493786037
214;0.0493801124
215;0.0493938774
216;0.0493955463
217;0.0493973866
218;0.0493973866
219;0.0493979678
220;0.0494073294
221;0.0494082198
222;0.0494159162
223;0.0494235381
224;0.0494267233
225;0.0494300947
226;0.0494318381
227;0.0494318455
228;0.0494320691
229;0.0494388863
230;0.0494463444
231;0.0494591594
232;0.0494599231
233;0.0494640991
234;0.0494675636
235;0.0494679213
236;0.0494720079
237;0.0494783558
238;0.0494792983
239;0.0494800322
240;0.0494800918
241;0.0494806692
242;0.0495047942
243;0.0495055094
244;0.0495143496
245;0.0495169647
246;0.0495191403
247;0.0495212860
248;0.0495216809
249;0.0495225079
250;0.0495237559
251;0.0495343208
252;0.0495363623
253;0.0495372638
254;0.0495380051
255;0.0495381914
256;0.0495437346
257;0.0495459363
258;0.0495461710
259;0.0495469607
260;0.0495497063
261;0.0495497063
262;0.0495502837
263;0.0495573170
264;0.0495575815
265;0.0495579019
266;0.0496785082
267;0.0496843755
268;0.0496847928
269;0.0496849678
270;0.0497031249
271;0.0497036427
272;0.0497936830
273;0.0498029292
274;0.0498041548
275;0.0498053953
276;0.0498063713
277;0.0498069525
278;0.0498183295
279;0.0498240627
280;0.0498250127
281;0.0498264693
282;0.0498314723
283;0.0498316400
284;0.0498380959
285;0.0498382486
286;0.0498386584
287;0.0498388782
288;0.0498421192
289;0.0498498641
290;0.0498508774
291;0.0498509258
292;0.0498516262
293;0.0498749353
294;0.0498753041
295;0.0498829596
296;0.0498836376
297;0.0498837382
298;0.0498839505
299;0.0498839542
300;0.0498862825
301;0.0498886593
302;0.0498886593
303;0.0498886928
304;0.0498886928
305;0.0498897098
306;0.0498902202
307;0.0498907417
308;0.0498918667
309;0.0498949960
310;0.0498949960
311;0.0498976856
312;0.0499088913
313;0.0499096364
314;0.0499097221
315;0.0499136671
316;0.0499146916
317;0.0499318987
318;0.0499320105
319;0.0499327183
320;0.0499328040
321;0.0499351360
322;0.0499373600
323;0.0499376990
324;0.0499394163
325;0.0499394573
326;0.0499419607
327;0.0499426387
328;0.0499432459
329;0.0499489605
330;0.0499526672
331;0.0499867760
332;0.0499876663
333;0.0499876663
334;0.0500291847
335;0.0500295497
336;0.0500298329
337;0.0500298329
338;0.0500298329
339;0.0500305109
340;0.0500305109
341;0.0500305109
342;0.0500305109
343;0.0500384383
344;0.0500393957
345;0.0500393957
346;0.0500393957
347;0.0500421934
348;0.0500425175
349;0.0500428006
350;0.0500681624
351;0.0500709713
352;0.0500734299
353;0.0500840135
354;0.0500862189
355;0.0500873961
356;0.0500874035
357;0.0500881411
358;0.0500898883
359;0.0500900857
360;0.0500903763
361;0.0500915162
362;0.0500916205
363;0.0500925332
364;0.0500942282
365;0.0500977263
366;0.0500985384
367;0.0500998646
368;0.0501004606
369;0.0501004606
370;0.0501004606
371;0.0501004606
372;0.0501036085
373;0.0501048677
374;0.0501049757
375;0.0501067378
376;0.0501067378
377;0.0501067378
378;0.0501073115
379;0.0501073115
380;0.0501073115
381;0.0501073934
382;0.0501078926
383;0.0501084924
384;0.0501084924
385;0.0501462594
386;0.0501464680
387;0.0501478724
388;0.0501479954
389;0.0501479954
390;0.0501479954
391;0.0501487553
392;0.0501487553
393;0.0501497313
394;0.0501499511
395;0.0501513034
396;0.0501558892
397;0.0501569994
398;0.0501569994
399;0.0501571149
400;0.0501571186
401;0.0501596183
402;0.0501596183
403;0.0501596630
404;0.0501596630
405;0.0501650050
406;0.0501774177
407;0.0501777939
408;0.0501785874
409;0.0501794256
410;0.0501794256
411;0.0501794256
412;0.0501824878
413;0.0501824878
414;0.0501827039
415;0.0501827784
416;0.0501834005
417;0.0501834005
418;0.0501834005
419;0.0501834005
420;0.0501834005
421;0.0501834005
422;0.0501834005
423;0.0501834117
424;0.0501871854
425;0.0501874499
426;0.0501967855
427;0.0501981117
428;0.0501981303
429;0.0501986593
430;0.0501986966
431;0.0501986966
432;0.0501986966
433;0.0502008311
434;0.0502013229
435;0.0502013229
436;0.0502013378
437;0.0502208471
438;0.0502208471
439;0.0502208471
440;0.0502213798
441;0.0502213798
442;0.0502215624
443;0.0502244122
444;0.0502259172
445;0.0502259172
446;0.0502259172
447;0.0502259172
448;0.0502259172
449;0.0502282567
450;0.0502288677
451;0.0502416492
452;0.0502416492
453;0.0502559282
454;0.0502564609
455;0.0502574407
456;0.0502591915
457;0.0502710268
458;0.0502710268
459;0.0502710268
460;0.0502710752
461;0.0502710752
462;0.0502738282
463;0.0502738282
464;0.0502750501
465;0.0502849668
466;0.0502849668
467;0.0502849668
468;0.0502933674
469;0.0502938479
470;0.0502976812
471;0.0502976924
472;0.0503021665
473;0.0503025167
474;0.0503025167
475;0.0503031202
476;0.0503053404
477;0.0503053404
478;0.0503056943
479;0.0503056943
480;0.0503059700
481;0.0503060035
482;0.0503062196
483;0.0503062196
484;0.0503062196
485;0.0503077097
486;0.0503077097
487;0.0503229648
488;0.0503229648
489;0.0503239520
490;0.0503239520
491;0.0503239520
492;0.0503251925
493;0.0503256470
494;0.0503256470
495;0.0503277183
496;0.0503300428
497;0.0503300428
498;0.0503419973
499;0.0503473878
500;0.0503505357
501;0.0503511615
502;0.0503515191
503;0.0503515191
504;0.0503536500
505;0.0503536500
506;0.0503539219
507;0.0503542349
508;0.0503543019
509;0.0503543355
510;0.0503543615
511;0.0503543615
512;0.0503595322
513;0.0503595322
514;0.0503595322
515;0.0503595546
516;0.0503602438
517;0.0503602438
518;0.0503602438
519;0.0503602438
520;0.0503602438
521;0.0503602438
522;0.0503608994
523;0.0503608994
524;0.0503608994
525;0.0503608994
526;0.0503608994
527;0.0503619537
528;0.0503619760
529;0.0503620245
530;0.0503620245
531;0.0503620319
532;0.0503625758
533;0.0503627844
534;0.0503627844
535;0.0503635183
536;0.0503666438
537;0.0503675677
538;0.0503675714
539;0.0503675714
540;0.0503675714
541;0.0503697656
542;0.0503705405
543;0.0503720827
544;0.0503723919
545;0.0503734201
546;0.0503754802
547;0.0503755473
548;0.0503755473
549;0.0503755473
550;0.0503756851
551;0.0503756851
552;0.0503756851
553;0.0503761619
554;0.0503761731
555;0.0503761731
556;0.0503777377
557;0.0503777377
558;0.0503777377
559;0.0503777377
560;0.0503780842
561;0.0503780842
562;0.0503785238
563;0.0503790975
564;0.0503792278
565;0.0503792278
566;0.0503823310
567;0.0503860004
568;0.0503865518
569;0.0503865667
570;0.0503865667
571;0.0503865667
572;0.0503865667
573;0.0503883287
574;0.0503893271
575;0.0503898636
576;0.0503901206
577;0.0503904782
578;0.0503904782
579;0.0503937304
580;0.0503937304
581;0.0503968932
582;0.0503989682
583;0.0503989682
584;0.0503989682
585;0.0503989682
586;0.0503989682
587;0.0504015982
588;0.0504026264
589;0.0504026264
590;0.0504030213
591;0.0504030213
592;0.0504039750
593;0.0504199862
594;0.0504211299
595;0.0504244678
596;0.0504246801
597;0.0504250787
598;0.0504252836
599;0.0504253469
600;0.0504253469
601;0.0504253469
602;0.0504253544
603;0.0504253544
604;0.0504283495
605;0.0504283495
606;0.0504283495
607;0.0504296198
608;0.0504322238
609;0.0504333265
610;0.0504333265
611;0.0504355952
612;0.0504355952
613;0.0504355952
614;0.0504360124
615;0.0504381023
616;0.0504381023
617;0.0504381023
618;0.0504395440
619;0.0504396409
620;0.0504451953
621;0.0504583605
622;0.0504586212
623;0.0504586212
624;0.0504586212
625;0.0504586212
626;0.0504586212
627;0.0504592359
628;0.0504592359
629;0.0504594371
630;0.0504599139
631;0.0504601561
632;0.0504715741
633;0.0504716225
634;0.0504716225
635;0.0504724607
636;0.0504724607
637;0.0504729934
638;0.0504730903
639;0.0504730903
640;0.0504736416
641;0.0504740067
642;0.0504740067
643;0.0504746549
644;0.0504747815
645;0.0504752286
646;0.0504753143
647;0.0504757129
648;0.0504757129
649;0.0504856631
650;0.0504858196
651;0.0504939072
652;0.0504939072
653;0.0504939072
654;0.0504957139
655;0.0504960716
656;0.0504960716
657;0.0504974648
658;0.0504974648
659;0.0504974648
660;0.0504974872
661;0.0504984669
662;0.0504984669
663;0.0504984669
664;0.0504984669
665;0.0504984669
666;0.0504991561
667;0.0504997410
668;0.0504997410
669;0.0504997931
670;0.0504997969
671;0.0505009629
672;0.0505018905
673;0.0505035035
674;0.0505037345
675;0.0505037345
676;0.0505040549
677;0.0505040549
678;0.0505040549
679;0.0505041778
680;0.0505041778
681;0.0505050980
682;0.0505050980
683;0.0505082980
684;0.0505082980
685;0.0505083725
686;0.0505108051
687;0.0505108833
688;0.0505108833
689;0.0505108833
690;0.0505108833
691;0.0505172424
692;0.0505172424
693;0.0505174696
694;0.0505176112
695;0.0505176261
696;0.0505176261
697;0.0505176261
698;0.0505176522
699;0.0505190380
700;0.0505217277
701;0.0505226813
702;0.0505227000
703;0.0505230390
704;0.0505230390
705;0.0505231433
706;0.0505240448
707;0.0505240448
708;0.0505284034
709;0.0505295992
710;0.0505303591
711;0.0505313687
712;0.0505313687
713;0.0505314358
714;0.0505314358
715;0.0505314358
716;0.0505314358
717;0.0505314544
718;0.0505314544
719;0.0505314693
720;0.0505314693
721;0.0505338982
722;0.0505340546
723;0.0505347103
724;0.0505349711
725;0.0505349711
726;0.0505349711
727;0.0505349711
728;0.0505349711
729;0.0505349711
730;0.0505349711
731;0.0505349711
732;0.0505349711
733;0.0505349711
734;0.0505349711
735;0.0505349711
736;0.0505466759
737;0.0505467281
738;0.0505467281
739;0.0505467281
740;0.0505469516
741;0.0505469851
742;0.0505469851
743;0.0505469851
744;0.0505470112
745;0.0505511202
746;0.0505511202
747;0.0505511202
748;0.0505513437
749;0.0505513437
750;0.0505513437
751;0.0505514443
752;0.0505514443
753;0.0505524017
754;0.0505524799
755;0.0505544208
756;0.0505544208
757;0.0505544469
758;0.0505544469
759;0.0505544692
760;0.0505548418
761;0.0505548418
762;0.0505581535
763;0.0505581535
764;0.0505582690
765;0.0505582690
766;0.0505582690
767;0.0505586863
768;0.0505587682
769;0.0505587682
770;0.0505587757
771;0.0505587757
772;0.0505589284
773;0.0505590178
774;0.0505617484
775;0.0505632199
776;0.0505637713
777;0.0505647622
778;0.0505650677
779;0.0505650677
780;0.0505651496
781;0.0505651757
782;0.0505651757
783;0.0505665205
784;0.0505665205
785;0.0505665205
786;0.0505671352
787;0.0505671687
788;0.0505671687
789;0.0505675264
790;0.0505675264
791;0.0505695120
792;0.0505895428
793;0.0505895838
794;0.0505895838
795;0.0505896732
796;0.0505896732
797;0.0505907461
798;0.0505907461
799;0.0505917072
800;0.0505917072
801;0.0505923368
802;0.0505923368
803;0.0505923368
804;0.0505923368
805;0.0505924560
806;0.0505927056
807;0.0505939946
808;0.0505939946
809;0.0505939946
810;0.0505939946
811;0.0505946688
812;0.0505949035
813;0.0505949035
814;0.0505954325
815;0.0505954325
816;0.0505956486
817;0.0505958423
818;0.0505958833
819;0.0505958833
820;0.0505958833
821;0.0505958833
822;0.0506040007
823;0.0506040007
824;0.0506040007
825;0.0506040007
826;0.0506040007
827;0.0506040007
828;0.0506132804
829;0.0506133921
830;0.0506133921
831;0.0506143160
832;0.0506143160
833;0.0506143160
834;0.0506143160
835;0.0506143235
836;0.0506159328
837;0.0506159328
838;0.0506160371
839;0.0506310835
840;0.0506314337
841;0.0506320260
842;0.0506320260
843;0.0506320596
844;0.0506320596
845;0.0506325588
846;0.0506326966
847;0.0506326966
848;0.0506326966
849;0.0506326966
850;0.0506328270
851;0.0506336540
852;0.0506336540
853;0.0506336540
854;0.0506342463
855;0.0506342463
856;0.0506343655
857;0.0506343655
858;0.0506348424
859;0.0506384708
860;0.0506384708
861;0.0506441034
862;0.0506441444
863;0.0506441444
864;0.0506450757
865;0.0506452061
866;0.0506452546
867;0.0506454632
868;0.0506454632
869;0.0506456122
870;0.0506456122
871;0.0506512709
872;0.0506512709
873;0.0506513827
874;0.0506532378
875;0.0506532378
876;0.0506532378
877;0.0506532378
878;0.0506532378
879;0.0506546721
880;0.0506546721
881;0.0506547503
882;0.0506547540
883;0.0506547540
884;0.0506588444
885;0.0506589524
886;0.0506606176
887;0.0506607257
888;0.0506610386
889;0.0506610386
890;0.0506610386
891;0.0506610386
892;0.0506610870
893;0.0506610870
894;0.0506610870
895;0.0506613553
896;0.0506622195
897;0.0506624356
898;0.0506624617
899;0.0506627560
900;0.0506649651
901;0.0506649651
902;0.0506649651
903;0.0506651960
904;0.0506652929
905;0.0506652929
906;0.0506653674
907;0.0506655388
908;0.0506657921
909;0.0506657921
910;0.0506661832
911;0.0506731234
912;0.0506785102
913;0.0506786257
914;0.0506786257
915;0.0506786257
916;0.0506786257
917;0.0506786257
918;0.0506786965
919;0.0506788492
920;0.0506788492
921;0.0506799892
922;0.0506804176
923;0.0506804623
924;0.0506804623
925;0.0506804623
926;0.0506815426
927;0.0506815426
928;0.0506817065
929;0.0506817065
930;0.0506817065
931;0.0506818295
932;0.0506818332
933;0.0506821461
934;0.0506821461
935;0.0506824516
936;0.0506824516
937;0.0506824516
938;0.0506824516
939;0.0506824516
940;0.0506824516
941;0.0506824516
942;0.0506824516
943;0.0506832749
944;0.0506856889
945;0.0506856889
946;0.0506856926
947;0.0506856926
948;0.0506856926
949;0.0506856926
950;0.0506856926
951;0.0506856926
952;0.0506856926
953;0.0506909564
954;0.0506909564
955;0.0506909564
956;0.0506909564
957;0.0506909564
958;0.0506909564
959;0.0506909564
960;0.0506909564
961;0.0506909564
962;0.0506909564
963;0.0506909564
964;0.0506909564
965;0.0506909564
966;0.0506919064
967;0.0506919064
968;0.0506937392
969;0.0506937392
970;0.0506937392
971;0.0506937392
972;0.0506937392
973;0.0506938584
974;0.0506938584
975;0.0506956801
976;0.0506956801
977;0.0506956801
978;0.0506956801
979;0.0506976470
980;0.0506976470
981;0.0506976470
982;0.0506976470
983;0.0506976508
984;0.0506976508
985;0.0506976508
986;0.0506976508
987;0.0506999195
988;0.0506999195
989;0.0507005714
990;0.0507005714
991;0.0507005714
992;0.0507006347
993;0.0507006347
994;0.0507006347
995;0.0507006384
996;0.0507006384
997;0.0507006384
998;0.0507006384
999;0.0507006384
1000;0.0507006384
1001;0.0507006757
1002;0.0507006757
1003;0.0507006757
1004;0.0507007129
1005;0.0507007129
1006;0.0507007129
1007;0.0507007129
1008;0.0507007129
1009;0.0507007912
1010;0.0507007912
1011;0.0507008210
1012;0.0507008210
1013;0.0507008247
1014;0.0507008247
1015;0.0507010743
1016;0.0507010780
1017;0.0507010780
1018;0.0507010780
1019;0.0507010780
1020;0.0507010780
1021;0.0507010780
1022;0.0507038347
1023;0.0507038347
1024;0.0507040061
1025;0.0507040806
1026;0.0507059619
1027;0.0507059619
1028;0.0507059619
1029;0.0507059619
1030;0.0507059619
1031;0.0507059619
1032;0.0507059619
1033;0.0507059619
1034;0.0507062227
1035;0.0507062227
1036;0.0507062227
1037;0.0507062227
1038;0.0507064536
1039;0.0507064536
1040;0.0507064536
1041;0.0507064536
1042;0.0507064536
1043;0.0507064536
1044;0.0507064536
1045;0.0507064536
1046;0.0507064536
1047;0.0507064536
1048;0.0507064536
1049;0.0507064536
1050;0.0507064536
1051;0.0507064536
1052;0.0507065617
1053;0.0507065617
1054;0.0507065617
1055;0.0507079288
1056;0.0507085435
1057;0.0507087819
1058;0.0507097952
1059;0.0507101566
1060;0.0507101566
1061;0.0507101566
1062;0.0507121123
1063;0.0507164448
1064;0.0507164448
1065;0.0507164448
1066;0.0507169962
1067;0.0507169962
1068;0.0507169999
1069;0.0507174432
1070;0.0507180244
1071;0.0507215299
1072;0.0507215522
1073;0.0507231727
1074;0.0507234819
1075;0.0507236272
1076;0.0507241189
1077;0.0507241376
1078;0.0507241376
1079;0.0507241376
1080;0.0507243201
1081;0.0507254601
1082;0.0507254601
1083;0.0507254601
1084;0.0507291779
1085;0.0507318601
1086;0.0507331789
1087;0.0507331789
1088;0.0507331789
1089;0.0507331789
1090;0.0507334508
1091;0.0507334508
1092;0.0507334508
1093;0.0507354103
1094;0.0507354103
1095;0.0507366210
1096;0.0507383198
1097;0.0507383198
1098;0.0507407971
1099;0.0507428423
1100;0.0507428423
1101;0.0507433340
1102;0.0507435426
1103;0.0507435426
1104;0.0507533327
1105;0.0507539660
1106;0.0507539660
1107;0.0507539660
1108;0.0507539660
1109;0.0507539660
1110;0.0507541858
1111;0.0507556535
1112;0.0507557876
1113;0.0507558323
1114;0.0507737584
1115;0.0507758446
1116;0.0507776923
1117;0.0507776923
1118;0.0507777110
1119;0.0507777110
1120;0.0507777110
1121;0.0507777743
1122;0.0507778749
1123;0.0507898517
1124;0.0507899411
1125;0.0507901832
1126;0.0507901832
1127;0.0507901832
1128;0.0507962443
1129;0.0507962592
1130;0.0507962592
1131;0.0507963859
1132;0.0507968478
1133;0.0507968478
1134;0.0507968478
1135;0.0508008525
1136;0.0508008711
1137;0.0508015491
1138;0.0508015491
1139;0.0508015491
1140;0.0508015491
1141;0.0508058630
1142;0.0508088060
1143;0.0508089662
1144;0.0508091189
1145;0.0508127809
1146;0.0508127809
1147;0.0508139580
1148;0.0508142821
1149;0.0508142821
1150;0.0508142821
1151;0.0508142821
1152;0.0508147590
1153;0.0508147590
1154;0.0508147664
1155;0.0508604236
1156;0.0508607589
1157;0.0508610532
1158;0.0508637019
1159;0.0508642569
1160;0.0508645810
1161;0.0508654602
1162;0.0508654602
1163;0.0508661605
1164;0.0508670397
1165;0.0508706383
1166;0.0508742258
1167;0.0509014800
1168;0.0509027764
1169;0.0509054996
1170;0.0509054996
1171;0.0509054996
1172;0.0509057455
1173;0.0509057455
1174;0.0509057455
1175;0.0509057939
1176;0.0509101115
1177;0.0509121902
1178;0.0509121902
1179;0.0509145893
1180;0.0509162024
1181;0.0509162024
1182;0.0509162024
1183;0.0509162210
1184;0.0509162210
1185;0.0509196743
1186;0.0509212203
1187;0.0509212203
1188;0.0509214848
1189;0.0509231612
1190;0.0509231649
1191;0.0509231649
1192;0.0509231649
1193;0.0509231649
1194;0.0509231649
1195;0.0509235971
1196;0.0509238094
1197;0.0509285107
1198;0.0509285107
1199;0.0509290844
1200;0.0509290844
1201;0.0509292595
1202;0.0509292595
1203;0.0509302057
1204;0.0509349294
1205;0.0509349294
1206;0.0509349294
1207;0.0509349294
1208;0.0509349294
1209;0.0509349294
1210;0.0509349331
1211;0.0509356782
1212;0.0509356782
1213;0.0509356782
1214;0.0509357862
1215;0.0509368740
1216;0.0509369336
1217;0.0509369336
1218;0.0509369336
1219;0.0509369522
1220;0.0509370267
1221;0.0509379916
1222;0.0509379916
1223;0.0509384871
1224;0.0509384871
1225;0.0509481095
1226;0.0509481095
1227;0.0509494171
1228;0.0509495102
1229;0.0509538874
1230;0.0509538874
1231;0.0509710051
1232;0.0509756617
1233;0.0509756766
1234;0.0509791709
1235;0.0509793796
1236;0.0509795249
1237;0.0509805977
1238;0.0509825982
1239;0.0509826913
1240;0.0509842522
1241;0.0509848446
1242;0.0509853549
1243;0.0509853549
1244;0.0509854332
1245;0.0509854332
1246;0.0509854332
1247;0.0509854332
1248;0.0509854630
1249;0.0509903170
1250;0.0509903766
1251;0.0509903766
1252;0.0509908609
1253;0.0509913787
1254;0.0509937480
1255;0.0509937480
1256;0.0509940572
1257;0.0509940572
1258;0.0509967916
1259;0.0509990007
1260;0.0509990007
1261;0.0509990007
1262;0.0510004349
1263;0.0510007106
1264;0.0510009155
1265;0.0510009155
1266;0.0510047413
1267;0.0510047413
1268;0.0510063171
1269;0.0510067157
1270;0.0510069057
1271;0.0510341376
1272;0.0510341935
1273;0.0510342382
1274;0.0510380343
1275;0.0510380641
1276;0.0510380641
1277;0.0510381497
1278;0.0510381497
1279;0.0510392524
1280;0.0510396846
1281;0.0510501601
1282;0.0510504395
1283;0.0510504395
1284;0.0510504395
1285;0.0510511436
1286;0.0510511845
1287;0.0510511845
1288;0.0510512926
1289;0.0510512926
1290;0.0510516167
1291;0.0510516204
1292;0.0510516204
1293;0.0510516576
1294;0.0510518439
1295;0.0510518439
1296;0.0510518439
1297;0.0510518439
1298;0.0510518961
1299;0.0510518961
1300;0.0510519110
1301;0.0510543957
1302;0.0510543957
1303;0.0510543957
1304;0.0510543957
1305;0.0510543957
1306;0.0510543957
1307;0.0510544069
1308;0.0510545149
1309;0.0510546453
1310;0.0510546826
1311;0.0510546826
1312;0.0510546826
1313;0.0510549471
1314;0.0510551147
1315;0.0510557331
1316;0.0510557331
1317;0.0510558635
1318;0.0510558635
1319;0.0510558635
1320;0.0510558635
1321;0.0510558635
1322;0.0510558635
1323;0.0510572754
1324;0.0510572754
1325;0.0510572754
1326;0.0510572754
1327;0.0510572828
1328;0.0510572828
1329;0.0510572828
1330;0.0510574691
1331;0.0510574691
1332;0.0510574691
1333;0.0510574691
1334;0.0510574691
1335;0.0510574766
1336;0.0510574766
1337;0.0510574766
1338;0.0510574766
1339;0.0510574766
1340;0.0510574766
1341;0.0510575213
1342;0.0510575213
1343;0.0510575324
1344;0.0510575324
1345;0.0510575324
1346;0.0510586128
1347;0.0510586128
1348;0.0510586128
1349;0.0510586128
1350;0.0510587543
1351;0.0510590374
1352;0.0510590374
1353;0.0510590374
1354;0.0510590374
1355;0.0510590374
1356;0.0510590486
1357;0.0510590486
1358;0.0510590486
1359;0.0510590486
1360;0.0510590486
1361;0.0510608591
1362;0.0510614105
1363;0.0510662906
1364;0.0510662906
1365;0.0510682762
1366;0.0510682762
1367;0.0510682948
1368;0.0510682948
1369;0.0510692447
1370;0.0510693640
1371;0.0510693975
1372;0.0510696061
1373;0.0510697179
1374;0.0510697179
1375;0.0510700345
1376;0.0510700345
1377;0.0510700345
1378;0.0510700345
1379;0.0510700345
1380;0.0510700345
1381;0.0510700345
1382;0.0510700345
1383;0.0510700345
1384;0.0510704182
1385;0.0510704182
1386;0.0510704182
1387;0.0510704182
1388;0.0510704182
1389;0.0510704182
1390;0.0510705933
1391;0.0510709696
1392;0.0510709696
1393;0.0510712862
1394;0.0510742106
1395;0.0510742106
1396;0.0510742106
1397;0.0510742106
1398;0.0510742106
1399;0.0510742106
1400;0.0510782450
1401;0.0510782450
1402;0.0510782450
1403;0.0510782450
1404;0.0510782450
1405;0.0510782450
1406;0.0510782450
1407;0.0510793440
1408;0.0510794334
1409;0.0510794334
1410;0.0510794334
1411;0.0510794334
1412;0.0510794334
1413;0.0510794893
1414;0.0510794930
1415;0.0510794930
1416;0.0510794930
1417;0.0510794930
1418;0.0510794930
1419;0.0510795005
1420;0.0510796085
1421;0.0510796569
1422;0.0510797426
1423;0.0510797426
1424;0.0510797426
1425;0.0510797426
1426;0.0510797426
1427;0.0510797426
1428;0.0510797426
1429;0.0510801747
1430;0.0510801747
1431;0.0510801747
1432;0.0510801747
1433;0.0510801747
1434;0.0510801747
1435;0.0510801747
1436;0.0510801747
1437;0.0510801747
1438;0.0510801747
1439;0.0510801747
1440;0.0510801747
1441;0.0510804690
1442;0.0510804690
1443;0.0510804690
1444;0.0510810353
1445;0.0510810986
1446;0.0510810986
1447;0.0510810986
1448;0.0510811023
1449;0.0510811023
1450;0.0510814004
1451;0.0510814562
1452;0.0510814562
1453;0.0510814562
1454;0.0510814562
1455;0.0510814562
1456;0.0510814562
1457;0.0510814562
1458;0.0510814562
1459;0.0510814562
1460;0.0510816388
1461;0.0510816388
1462;0.0510816388
1463;0.0510816574
1464;0.0510817431
1465;0.0510817431
1466;0.0510817729
1467;0.0510817878
1468;0.0510818847
1469;0.0510818847
1470;0.0510825552
1471;0.0510843880
1472;0.0510843880
1473;0.0510843880
1474;0.0510853156
1475;0.0510853156
1476;0.0510853156
1477;0.0510853156
1478;0.0510853156
1479;0.0510853156
1480;0.0510853305
1481;0.0510853305
1482;0.0510853305
1483;0.0510853417
1484;0.0510853417
1485;0.0510853417
1486;0.0510853417
1487;0.0510853417
1488;0.0510853790
1489;0.0510853790
1490;0.0510853790
1491;0.0510853790
1492;0.0510853790
1493;0.0510853790
1494;0.0510857590
1495;0.0510857590
1496;0.0510857590
1497;0.0510857590
1498;0.0510857590
1499;0.0510857590
1500;0.0510857590
1501;0.0510857590
1502;0.0510857590
1503;0.0510857850
1504;0.0510859787
1505;0.0510859787
1506;0.0510859862
1507;0.0510859862
1508;0.0510859862
1509;0.0510859862
1510;0.0510865934
1511;0.0510869361
1512;0.0510875285
1513;0.0510875285
1514;0.0510875285
1515;0.0510875285
1516;0.0510875285
1517;0.0510875359
1518;0.0510875359
1519;0.0510875359
1520;0.0510875806
1521;0.0510875806
1522;0.0510875806
1523;0.0510875806
1524;0.0510876253
1525;0.0510876253
1526;0.0510876253
1527;0.0510877669
1528;0.0510895997
1529;0.0510895997
1530;0.0510924906
1531;0.0510924906
1532;0.0510924980
1533;0.0510942973
1534;0.0510942973
1535;0.0510942973
1536;0.0510942973
1537;0.0510942973
1538;0.0510942973
1539;0.0510942973
1540;0.0510942973
1541;0.0511235408
1542;0.0511235408
1543;0.0511235781
1544;0.0511235781
1545;0.0511235856
1546;0.0511237122
1547;0.0511237122
1548;0.0511237122
1549;0.0511237122
1550;0.0511237122
1551;0.0511237122
1552;0.0511249639
1553;0.0511249639
1554;0.0511250235
1555;0.0511250645
1556;0.0511250906
1557;0.0511250906
1558;0.0511250906
1559;0.0511250906
1560;0.0511250906
1561;0.0511312112
1562;0.0511312112
1563;0.0511368327
1564;0.0511368327
1565;0.0511372127
1566;0.0511377603
1567;0.0511377603
1568;0.0511382744
1569;0.0511382744
1570;0.0511385500
1571;0.0511397570
1572;0.0511397570
1573;0.0511397645
1574;0.0511397645
1575;0.0511397645
1576;0.0511397645
1577;0.0511397645
1578;0.0511397645
1579;0.0511397906
1580;0.0511397906
1581;0.0511398502
1582;0.0511403643
1583;0.0511403643
1584;0.0511403643
1585;0.0511403643
1586;0.0511403643
1587;0.0511403643
1588;0.0511403643
1589;0.0511403643
1590;0.0511403643
1591;0.0511406176
1592;0.0511406176
1593;0.0511409938
1594;0.0511409938
1595;0.0511409938
1596;0.0511409938
1597;0.0511410087
1598;0.0511410087
1599;0.0511410087
1600;0.0511410087
1601;0.0511452332
1602;0.0511452332
1603;0.0511454567
1604;0.0511454791
1605;0.0511454977
1606;0.0511454977
1607;0.0511454977
1608;0.0511454977
1609;0.0511454977
1610;0.0511454977
1611;0.0511454977
1612;0.0511454977
1613;0.0511454977
1614;0.0511454977
1615;0.0511455312
1616;0.0511455312
1617;0.0511455312
1618;0.0511456020
1619;0.0511456020
1620;0.0511456020
1621;0.0511456020
1622;0.0511456020
1623;0.0511456020
1624;0.0511456020
1625;0.0511456244
1626;0.0511456244
1627;0.0511456244
1628;0.0511497408
1629;0.0511497408
1630;0.0511508659
1631;0.0511508659
1632;0.0511508659
1633;0.0511508659
1634;0.0511508659
1635;0.0511508659
1636;0.0511557497
1637;0.0511557497
1638;0.0511557497
1639;0.0511560664
1640;0.0511562116
1641;0.0511562116
1642;0.0511562116
1643;0.0511562116
1644;0.0511562116
1645;0.0511562116
1646;0.0511562116
1647;0.0511562116
1648;0.0511562116
1649;0.0511562116
1650;0.0511562191
1651;0.0511562191
1652;0.0511562191
1653;0.0511562787
1654;0.0511562787
1655;0.0511562787
1656;0.0511562787
1657;0.0511562936
1658;0.0511563234
1659;0.0511563234
1660;0.0511563234
1661;0.0511563234
1662;0.0511563383
1663;0.0511563383
1664;0.0511584990
1665;0.0511584990
1666;0.0511584990
1667;0.0511585250
1668;0.0511624180
1669;0.0511624180
1670;0.0511624180
1671;0.0511624180
1672;0.0511636995
1673;0.0511636995
1674;0.0511636995
1675;0.0511636995
1676;0.0511637293
1677;0.0511637293
1678;0.0511637293
1679;0.0511637293
1680;0.0511638112
1681;0.0511660688
1682;0.0511665270
1683;0.0511665270
1684;0.0511665270
1685;0.0511665270
1686;0.0511665270
1687;0.0511665307
1688;0.0511665307
1689;0.0511665307
1690;0.0511665456
1691;0.0511665456
1692;0.0511666574
1693;0.0511667468
1694;0.0511667617
1695;0.0511667617
1696;0.0511668026
1697;0.0511668772
1698;0.0511672273
1699;0.0511672273
1700;0.0511672273
1701;0.0511674397
1702;0.0511674397
1703;0.0511674397
1704;0.0511674397
1705;0.0511674397
1706;0.0511674471
1707;0.0511674620
1708;0.0511674620
1709;0.0511674620
1710;0.0511677302
1711;0.0511677302
1712;0.0511677302
1713;0.0511679202
1714;0.0511679202
1715;0.0511679202
1716;0.0511679202
1717;0.0511679314
1718;0.0511705019
1719;0.0511705019
1720;0.0511705019
1721;0.0511705019
1722;0.0511705056
1723;0.0511705056
1724;0.0511705354
1725;0.0511705354
1726;0.0511705354
1727;0.0511705354
1728;0.0511705354
1729;0.0511705354
1730;0.0511705354
1731;0.0511705726
1732;0.0511705726
1733;0.0511707105
1734;0.0511707179
1735;0.0511707179
1736;0.0511707664
1737;0.0511707664
1738;0.0511707664
1739;0.0511715524
1740;0.0511715524
1741;0.0511715524
1742;0.0511715524
1743;0.0511715524
1744;0.0511715524
1745;0.0511715524
1746;0.0511715524
1747;0.0511715524
1748;0.0511715524
1749;0.0511715524
1750;0.0511716716
1751;0.0511716716
1752;0.0511717461
1753;0.0511717461
1754;0.0511717461
1755;0.0511717871
1756;0.0511717871
1757;0.0511717871
1758;0.0511717871
1759;0.0511717871
1760;0.0511717871
1761;0.0511717871
1762;0.0511717871
1763;0.0511717871
1764;0.0511717871
1765;0.0511717871
1766;0.0511718541
1767;0.0511751920
1768;0.0511751920
1769;0.0511769913
1770;0.0511770360
1771;0.0511770360
1772;0.0511770360
1773;0.0511770360
1774;0.0511770360
1775;0.0511770360
1776;0.0511770360
1777;0.0511795767
1778;0.0511795767
1779;0.0511795767
1780;0.0513579696
1781;0.0513579957
1782;0.0513833426
1783;0.0513833426
1784;0.0514061712
1785;0.0514068082
1786;0.0514070243
1787;0.0514144860
1788;0.0514145009
1789;0.0514145009
1790;0.0514146276
1791;0.0514146462
1792;0.0514146723
1793;0.0514150336
1794;0.0514150336
1795;0.0514150336
1796;0.0514150336
1797;0.0514150336
1798;0.0514161550
1799;0.0514161550
1800;0.0514162183
1801;0.0514175408
1802;0.0514175408
1803;0.0514189489
1804;0.0514189489
1805;0.0514191687
1806;0.0514191687
1807;0.0514191687
1808;0.0514191687
1809;0.0514191687
1810;0.0514191687
1811;0.0514191687
1812;0.0514191687
1813;0.0514191687
1814;0.0514191687
1815;0.0514191687
1816;0.0514191687
1817;0.0514191687
1818;0.0514191687
1819;0.0514191687
1820;0.0514191687
1821;0.0514191687
1822;0.0514191687
1823;0.0514192209
1824;0.0514192209
1825;0.0514193624
1826;0.0514193811
1827;0.0514193811
1828;0.0514193811
1829;0.0514193811
1830;0.0514193811
1831;0.0514193811
1832;0.0514193811
1833;0.0514194258
1834;0.0514194258
1835;0.0514216609
1836;0.0514216609
1837;0.0514216609
1838;0.0514216609
1839;0.0514216609
1840;0.0514216609
1841;0.0514216609
1842;0.0514216609
1843;0.0514224283
1844;0.0514224283
1845;0.0514224283
1846;0.0514224283
1847;0.0514224283
1848;0.0514224283
1849;0.0514224283
1850;0.0514224283
1851;0.0514224283
1852;0.0514224283
1853;0.0514224283
1854;0.0514224283
1855;0.0514257625
1856;0.0514257625
1857;0.0514257625
1858;0.0514257625
1859;0.0514257625
1860;0.0514257625
1861;0.0514257625
1862;0.0514257625
1863;0.0514258705
1864;0.0514258705
1865;0.0514258705
1866;0.0514258705
1867;0.0514258705
1868;0.0514265336
1869;0.0514265336
1870;0.0514265336
1871;0.0514265336
1872;0.0514265485
1873;0.0514265485
1874;0.0514265485
1875;0.0514265485
1876;0.0514265485
1877;0.0514265485
1878;0.0514265485
1879;0.0514265485
1880;0.0514275357
1881;0.0514279418
1882;0.0514279418
1883;0.0514289849
1884;0.0514289849
1885;0.0514289849
1886;0.0514289849
1887;0.0514289849
1888;0.0514291748
1889;0.0514291748
1890;0.0514291748
1891;0.0514291748
1892;0.0514291748
1893;0.0514291748
1894;0.0514291748
1895;0.0514291748
1896;0.0514291748
1897;0.0514305942
1898;0.0514305942
1899;0.0514305942
1900;0.0514305942
1901;0.0514305942
1902;0.0514305942
1903;0.0514306091
1904;0.0514306091
1905;0.0514306091
1906;0.0514306091
1907;0.0514306091
1908;0.0514306091
1909;0.0514306091
1910;0.0514306091
1911;0.0514306091
1912;0.0514306650
1913;0.0514306650
1914;0.0514306650
1915;0.0514306650
1916;0.0514320508
1917;0.0514320508
1918;0.0514321588
1919;0.0514321588
1920;0.0514321588
1921;0.0514321588
1922;0.0514321588
1923;0.0514321588
1924;0.0514321588
1925;0.0514321588
1926;0.0514321588
1927;0.0514321588
1928;0.0514321588
1929;0.0514321588
1930;0.0514321588
1931;0.0514321588
1932;0.0514321588
1933;0.0514321662
1934;0.0514321662
1935;0.0514323302
1936;0.0514323302
1937;0.0514323302
1938;0.0514323488
1939;0.0514325984
1940;0.0514325984
1941;0.0514325984
1942;0.0514325984
1943;0.0514325984
1944;0.0514325984
1945;0.0514325984
1946;0.0514326207
1947;0.0514326207
1948;0.0514326207
1949;0.0514326207
1950;0.0514326207
1951;0.0514326207
1952;0.0514340736
1953;0.0514340736
1954;0.0514340736
1955;0.0514340736
1956;0.0514340736
1957;0.0514340736
1958;0.0514340736
1959;0.0514340736
1960;0.0514341928
1961;0.0514341928
1962;0.0514341928
1963;0.0514343157
1964;0.0514343157
1965;0.0514343157
1966;0.0514347628
1967;0.0514347628
1968;0.0514348224
1969;0.0514348224
1970;0.0514348224
1971;0.0514348224
1972;0.0514348224
1973;0.0514348224
1974;0.0514348224
1975;0.0514348224
1976;0.0514348224
1977;0.0514348783
1978;0.0514348783
1979;0.0514348783
1980;0.0514348783
1981;0.0514348783
1982;0.0514348932
1983;0.0514348932
1984;0.0514348932
1985;0.0514348932
1986;0.0514348932
1987;0.0514351837
1988;0.0514351837
1989;0.0514351837
1990;0.0514351837
1991;0.0514351837
1992;0.0514351837
1993;0.0514353551
1994;0.0514353551
1995;0.0514353551
1996;0.0514353551
1997;0.0514353551
1998;0.0514353551
1999;0.0514353551
2000;0.0514353551
