Generación;Mejor Fitness
1;0.0415726453
2;0.0415892079
3;0.0416396819
4;0.0416396819
5;0.0417112969
6;0.0417112969
7;0.0417298153
8;0.0417298153
9;0.0417501032
10;0.0417828746
11;0.0417828746
12;0.0418188833
13;0.0418188833
14;0.0418188833
15;0.0418453850
16;0.0418688767
17;0.0418789499
18;0.0419097431
19;0.0419097431
20;0.0419097431
21;0.0419097431
22;0.0419097431
23;0.0419097431
24;0.0419097431
25;0.0419199504
26;0.0419199504
27;0.0419199504
28;0.0419492461
29;0.0419492461
30;0.0419492461
31;0.0419492461
32;0.0419492461
33;0.0419492461
34;0.0419492461
35;0.0419492461
36;0.0419492461
37;0.0419492461
38;0.0419492461
39;0.0419492461
40;0.0419492461
41;0.0419492461
42;0.0419492461
43;0.0419492461
44;0.0419828743
45;0.0419828743
46;0.0419828743
47;0.0419828743
48;0.0419828743
49;0.0419828743
50;0.0419828743
51;0.0419898294
52;0.0419898294
53;0.0419898294
54;0.0419898294
55;0.0419898294
56;0.0419898294
57;0.0419898294
58;0.0419898294
59;0.0419898294
60;0.0419898294
61;0.0419898294
62;0.0419898294
63;0.0419898294
64;0.0419898294
65;0.0419898294
66;0.0419898294
67;0.0419898294
68;0.0419898294
69;0.0419898294
70;0.0419898294
71;0.0419898294
72;0.0419898294
73;0.0419915132
74;0.0419898294
75;0.0419898294
76;0.0419898294
77;0.0419898294
78;0.0419898294
79;0.0419898294
80;0.0419898294
81;0.0419898294
82;0.0419898294
83;0.0419898294
84;0.0419898294
85;0.0419898294
86;0.0419898294
87;0.0419898294
88;0.0419898294
89;0.0419898294
90;0.0419898294
91;0.0419898294
92;0.0420089401
93;0.0420241691
94;0.0420741253
95;0.0420741253
96;0.0420741253
97;0.0420741253
98;0.0420741253
99;0.0420741253
100;0.0420741253
101;0.0420741253
102;0.0420741253
103;0.0420741253
104;0.0420815013
105;0.0420825593
106;0.0420825593
107;0.0420825593
108;0.0420825593
109;0.0420825593
110;0.0420825593
111;0.0420865454
112;0.0420932062
113;0.0420932062
114;0.0421360135
115;0.0421360135
116;0.0421360135
117;0.0421360135
118;0.0421859995
119;0.0421859995
120;0.0421918705
121;0.0422090404
122;0.0422488898
123;0.0422488898
124;0.0422488898
125;0.0422488898
126;0.0422488898
127;0.0422488898
128;0.0422488898
129;0.0422488898
130;0.0422653370
131;0.0422653370
132;0.0422653370
133;0.0422653370
134;0.0422679484
135;0.0422679484
136;0.0422679484
137;0.0422686748
138;0.0422740467
139;0.0422740467
140;0.0422740467
141;0.0422740467
142;0.0422740467
143;0.0422740467
144;0.0422740467
145;0.0422740467
146;0.0422740467
147;0.0422740467
148;0.0422740467
149;0.0422774889
150;0.0422774889
151;0.0422814265
152;0.0422814265
153;0.0422814265
154;0.0422814265
155;0.0422814265
156;0.0422814265
157;0.0422814265
158;0.0422814265
159;0.0422814265
160;0.0422814265
161;0.0422814265
162;0.0422814265
163;0.0422814265
164;0.0422814265
165;0.0422814265
166;0.0422814265
167;0.0422814265
168;0.0422814265
169;0.0422814265
170;0.0422814265
171;0.0422814265
172;0.0422843173
173;0.0422843173
174;0.0422843173
175;0.0422843173
176;0.0422843173
177;0.0423007794
178;0.0423007794
179;0.0423007794
180;0.0423007794
181;0.0423007794
182;0.0423007794
183;0.0423007794
184;0.0423007794
185;0.0423007794
186;0.0423007794
187;0.0423007794
188;0.0423007794
189;0.0423007794
190;0.0423007794
191;0.0423007794
192;0.0423007794
193;0.0423007794
194;0.0423007794
195;0.0423007794
196;0.0423007794
197;0.0423007794
198;0.0423007794
199;0.0423007794
200;0.0423007794
