Generación;Mejor Fitness
1;0.0415777750
2;0.0415777750
3;0.0417168960
4;0.0417168960
5;0.0417168960
6;0.0417292193
7;0.0417792611
8;0.0417792611
9;0.0418773182
10;0.0419504121
11;0.0419504121
12;0.0419881307
13;0.0419881307
14;0.0420089327
15;0.0420089327
16;0.0420089327
17;0.0420091785
18;0.0420429595
19;0.0420429595
20;0.0420429595
21;0.0420718007
22;0.0420718007
23;0.0420718007
24;0.0420875363
25;0.0420875363
26;0.0420912616
27;0.0420912616
28;0.0420930497
29;0.0420939624
30;0.0420939624
31;0.0420939624
32;0.0420939624
33;0.0420939624
34;0.0421102569
35;0.0421102569
36;0.0421102569
37;0.0421102569
38;0.0421141125
39;0.0421141125
40;0.0421141125
41;0.0421141125
42;0.0421246290
43;0.0421314724
44;0.0421314724
45;0.0421314724
46;0.0421314724
47;0.0421314724
48;0.0421314724
49;0.0421314724
50;0.0421688557
51;0.0421688557
52;0.0421688557
53;0.0421688557
54;0.0421688557
55;0.0421688557
56;0.0421688557
57;0.0421688557
58;0.0421688557
59;0.0421688557
60;0.0421688557
61;0.0421688557
62;0.0421688557
63;0.0421688557
64;0.0421784632
65;0.0421784632
66;0.0421784632
67;0.0421784632
68;0.0421784632
69;0.0421784632
70;0.0421784632
71;0.0421784632
72;0.0421784632
73;0.0421845168
74;0.0421845168
75;0.0421845168
76;0.0421845168
77;0.0421845168
78;0.0421845168
79;0.0421845168
80;0.0421845168
81;0.0421845168
82;0.0421845168
83;0.0421845168
84;0.0421845168
85;0.0421845168
86;0.0421845168
87;0.0421845168
88;0.0421845168
89;0.0421845168
90;0.0421845168
91;0.0421845168
92;0.0421845168
93;0.0421845168
94;0.0421845168
95;0.0421845168
96;0.0421845168
97;0.0421845168
98;0.0421857312
99;0.0421857312
100;0.0421857312
101;0.0422473475
102;0.0421857312
103;0.0421857312
104;0.0421943925
105;0.0421943925
106;0.0422041379
107;0.0422041379
108;0.0422041379
109;0.0422041379
110;0.0422084481
111;0.0422084481
112;0.0422084481
113;0.0422163904
114;0.0422163904
115;0.0422163904
116;0.0422172137
117;0.0422172137
118;0.0422456264
119;0.0422456264
120;0.0422456264
121;0.0422456264
122;0.0422497466
123;0.0422497466
124;0.0422497466
125;0.0422497466
126;0.0422497466
127;0.0422497466
128;0.0424053855
129;0.0424053855
130;0.0424053855
131;0.0424053855
132;0.0424062163
133;0.0424062163
134;0.0424062163
135;0.0424230210
136;0.0424230210
137;0.0424230210
138;0.0424230210
139;0.0424230210
140;0.0424230210
141;0.0424230210
142;0.0424248502
143;0.0424361825
144;0.0424361825
145;0.0424361825
146;0.0424361825
147;0.0424361825
148;0.0424361825
149;0.0424361825
150;0.0424361825
151;0.0424361825
152;0.0424361825
153;0.0424361825
154;0.0424361825
155;0.0424361825
156;0.0424361825
157;0.0424361825
158;0.0424361825
159;0.0424361825
160;0.0424361825
161;0.0424361825
162;0.0424361825
163;0.0424361825
164;0.0424361825
165;0.0424361825
166;0.0424361825
167;0.0424361825
168;0.0424361825
169;0.0424361825
170;0.0424361825
171;0.0424361825
172;0.0424361825
173;0.0424361825
174;0.0424361825
175;0.0424361825
176;0.0424361825
177;0.0424361825
178;0.0424361825
179;0.0424361825
180;0.0424361825
181;0.0424361825
182;0.0424395576
183;0.0424395576
184;0.0424395576
185;0.0424395576
186;0.0424395576
187;0.0424395576
188;0.0424395576
189;0.0424395576
190;0.0424395576
191;0.0424395576
192;0.0424395576
193;0.0424395576
194;0.0424395576
195;0.0424395576
196;0.0424395576
197;0.0424395576
198;0.0424395576
199;0.0424395576
200;0.0424395576
