Generación;Mejor Fitness
1;0.0459812470
2;0.0459891818
3;0.0460101739
4;0.0460478924
5;0.0460637696
6;0.0461498126
7;0.0462060608
8;0.0462563746
9;0.0462896898
10;0.0463283472
11;0.0463478155
12;0.0463593677
13;0.0464209542
14;0.0464434363
15;0.0464757681
16;0.0464794338
17;0.0465471521
18;0.0465716273
19;0.0465944372
20;0.0466201752
21;0.0466394760
22;0.0466629006
23;0.0467110761
24;0.0467532054
25;0.0467606299
26;0.0467834286
27;0.0468227863
28;0.0468465835
29;0.0469594300
30;0.0469645970
31;0.0469910614
32;0.0470043384
33;0.0470074117
34;0.0470562391
35;0.0470946021
36;0.0471195169
37;0.0471244529
38;0.0471320786
39;0.0471490361
40;0.0471708402
41;0.0471854582
42;0.0472305194
43;0.0472649820
44;0.0472917445
45;0.0473099388
46;0.0473225713
47;0.0473419167
48;0.0473644324
49;0.0473898947
50;0.0473957583
51;0.0474049561
52;0.0474466234
53;0.0474533699
54;0.0474591441
55;0.0474667512
56;0.0474776663
57;0.0474987067
58;0.0475260988
59;0.0475317687
60;0.0475387275
61;0.0475537106
62;0.0475581959
63;0.0476469807
64;0.0476632938
65;0.0476657562
66;0.0477056280
67;0.0477182604
68;0.0477220342
69;0.0477357954
70;0.0477366671
71;0.0477401018
72;0.0477433912
73;0.0477821380
74;0.0477854498
75;0.0477988087
76;0.0478356332
77;0.0478474982
78;0.0480888002
79;0.0481105410
80;0.0481462516
81;0.0481771380
82;0.0481894016
83;0.0481946990
84;0.0482926592
85;0.0483130105
86;0.0483237989
87;0.0483392365
88;0.0483711660
89;0.0483907498
90;0.0484119952
91;0.0484173670
92;0.0484836362
93;0.0485279523
94;0.0485363975
95;0.0485399216
96;0.0486023873
97;0.0486794561
98;0.0486800931
99;0.0486904532
100;0.0486906841
101;0.0487083942
102;0.0487089157
103;0.0487105362
104;0.0487105399
105;0.0487108827
106;0.0487138741
107;0.0487421639
108;0.0487450361
109;0.0487742648
110;0.0487792492
111;0.0487795360
112;0.0487992615
113;0.0488004610
114;0.0488004610
115;0.0488020144
116;0.0488087535
117;0.0488132499
118;0.0488392338
119;0.0488400348
120;0.0488407910
121;0.0488556437
122;0.0488562100
123;0.0488584898
124;0.0488622896
125;0.0488652028
126;0.0488665886
127;0.0488696843
128;0.0488712862
129;0.0488737449
130;0.0488757715
131;0.0489156730
132;0.0489169024
133;0.0489176922
134;0.0489534177
135;0.0489536747
136;0.0489896238
137;0.0489965826
138;0.0490022637
139;0.0490048043
140;0.0490085557
141;0.0490328595
142;0.0491740778
143;0.0492742397
144;0.0492831133
145;0.0492852107
146;0.0492976420
147;0.0493103117
148;0.0493175127
149;0.0493192151
150;0.0493259132
151;0.0493262932
152;0.0493281744
153;0.0493281744
154;0.0493281744
155;0.0493304245
156;0.0493319519
157;0.0493322089
158;0.0493326895
159;0.0493326895
160;0.0493430309
161;0.0493518934
162;0.0493563116
163;0.0493563116
164;0.0493563972
165;0.0493692532
166;0.0493712686
167;0.0493729264
168;0.0493789688
169;0.0493855365
170;0.0493911020
171;0.0494028777
172;0.0494028777
173;0.0494034104
174;0.0494238436
175;0.0494438559
176;0.0494438559
177;0.0494518466
178;0.0494582094
179;0.0494609512
180;0.0494671836
181;0.0494672544
182;0.0494687334
183;0.0494687334
184;0.0494768098
185;0.0494906567
186;0.0494991243
187;0.0495038591
188;0.0495167933
189;0.0495262071
190;0.0495376550
191;0.0495377183
192;0.0495379530
193;0.0495414250
194;0.0495414250
195;0.0495445915
196;0.0495445915
197;0.0495452993
198;0.0495625585
199;0.0495635197
200;0.0495653674
201;0.0495653674
202;0.0495682992
203;0.0495683551
204;0.0495684668
205;0.0495725013
206;0.0495831631
207;0.0495855547
208;0.0495877415
209;0.0495877415
210;0.0495891459
211;0.0495919175
212;0.0496390946
213;0.0496517010
214;0.0496857837
215;0.0496859848
216;0.0496896468
217;0.0497687608
218;0.0498481318
219;0.0498585515
220;0.0498901978
221;0.0498901978
222;0.0498909615
223;0.0498911031
224;0.0498982817
225;0.0499091856
226;0.0499096662
227;0.0499894917
228;0.0499982126
229;0.0500046313
230;0.0500465930
231;0.0500465930
232;0.0500484966
233;0.0500511266
234;0.0500615016
235;0.0500615016
236;0.0500615016
237;0.0500615016
238;0.0500626117
239;0.0500662737
240;0.0500662737
241;0.0500685386
242;0.0500765778
243;0.0500811897
244;0.0500930175
245;0.0501039997
246;0.0501046181
247;0.0501569137
248;0.0501604192
249;0.0501604192
250;0.0501628108
251;0.0501641892
252;0.0501685850
253;0.0501685850
254;0.0501695350
255;0.0501695350
256;0.0502156056
257;0.0502157621
258;0.0502164066
259;0.0502442792
260;0.0502446257
261;0.0502446257
262;0.0502488427
263;0.0502488688
264;0.0502572209
265;0.0502572209
266;0.0502572209
267;0.0502574183
268;0.0502574183
269;0.0502600037
270;0.0502600037
271;0.0502659939
272;0.0502742268
273;0.0502756834
274;0.0502781421
275;0.0502781421
276;0.0502781421
277;0.0502782688
278;0.0502888784
279;0.0503034256
280;0.0503064431
281;0.0503105074
282;0.0503147840
283;0.0503151789
284;0.0503158979
285;0.0503254570
286;0.0503309295
287;0.0503367558
288;0.0503391214
289;0.0503419265
290;0.0503455326
291;0.0503739715
292;0.0503755920
293;0.0503756031
294;0.0504034013
295;0.0504081845
296;0.0504094735
297;0.0504097864
298;0.0504097864
299;0.0504228249
300;0.0504249297
301;0.0504316092
302;0.0504499599
303;0.0504499599
304;0.0504568927
305;0.0504583791
306;0.0504665338
307;0.0504792072
308;0.0504848398
309;0.0504848398
310;0.0504851080
311;0.0504851080
312;0.0504851975
313;0.0504861139
314;0.0504896455
315;0.0504898839
316;0.0504941419
317;0.0505025089
318;0.0505032316
319;0.0505051054
320;0.0505157821
321;0.0505247787
322;0.0505259782
323;0.0505268723
324;0.0505273119
325;0.0505305156
326;0.0505305491
327;0.0505716130
328;0.0505769402
329;0.0505772643
330;0.0505778417
331;0.0505806990
332;0.0505807400
333;0.0505818948
334;0.0505818948
335;0.0505939871
336;0.0505978949
337;0.0505986027
338;0.0505986027
339;0.0505986027
340;0.0506009385
341;0.0506068952
342;0.0506071597
343;0.0506191924
344;0.0506191999
345;0.0506204404
346;0.0506244041
347;0.0506245755
348;0.0506256521
349;0.0506259352
350;0.0506259352
351;0.0506309345
352;0.0506364182
353;0.0506385192
354;0.0508157983
355;0.0508157983
356;0.0508170016
357;0.0508171991
358;0.0509051420
359;0.0509109572
360;0.0509196669
361;0.0509217419
362;0.0509222411
363;0.0509223007
364;0.0509223975
365;0.0509229936
366;0.0509303771
367;0.0509316847
368;0.0509321205
369;0.0509405769
370;0.0509409532
371;0.0509415306
372;0.0509416386
373;0.0509465411
374;0.0509519987
375;0.0509521104
376;0.0509529114
377;0.0509530231
378;0.0509530231
379;0.0509530231
380;0.0509530231
381;0.0509543978
382;0.0509545095
383;0.0509545095
384;0.0509600118
385;0.0509605892
386;0.0509640388
387;0.0509641282
388;0.0509645119
389;0.0509645119
390;0.0509645119
391;0.0509810150
392;0.0509812199
393;0.0509862714
394;0.0510201827
395;0.0510225259
396;0.0510225259
397;0.0510226116
398;0.0510518886
399;0.0510521978
400;0.0510557294
401;0.0510558374
402;0.0510558374
403;0.0510560125
404;0.0510565825
405;0.0510565825
406;0.0510650948
407;0.0510653369
408;0.0510653369
409;0.0510653369
410;0.0510664359
411;0.0510690957
412;0.0510701165
413;0.0510704219
414;0.0510714538
415;0.0510714576
416;0.0510714576
417;0.0510729179
418;0.0512259714
419;0.0512273759
420;0.0512273982
421;0.0512296930
422;0.0512305833
423;0.0512311682
424;0.0512311682
425;0.0512313545
426;0.0512324274
427;0.0512354448
428;0.0512354448
429;0.0512452237
430;0.0512481406
431;0.0512489080
432;0.0512489080
433;0.0512514934
434;0.0512522981
435;0.0512524582
436;0.0512524731
437;0.0512659885
438;0.0512659885
439;0.0512659885
440;0.0512659885
441;0.0512807891
442;0.0512824766
443;0.0512829684
444;0.0512909330
445;0.0513009131
446;0.0513011143
447;0.0513017103
448;0.0513033420
449;0.0513099246
450;0.0513099246
451;0.0513100624
452;0.0513137467
453;0.0513188839
454;0.0513202734
455;0.0513203256
456;0.0513229482
457;0.0513249189
458;0.0513270497
459;0.0513271131
460;0.0513292439
461;0.0513300635
462;0.0513301939
463;0.0513301939
464;0.0513302237
465;0.0513323806
466;0.0513345674
467;0.0513399318
468;0.0513399318
469;0.0513399318
470;0.0513407364
471;0.0513470359
472;0.0513530113
473;0.0513577089
474;0.0513585694
475;0.0513588376
476;0.0513596162
477;0.0513604619
478;0.0513737164
479;0.0513738841
480;0.0513773225
481;0.0513774082
482;0.0513774715
483;0.0513792522
484;0.0513802841
485;0.0513807349
486;0.0513813384
487;0.0513843261
488;0.0513844416
489;0.0513869822
490;0.0513869822
491;0.0513875075
492;0.0514035225
493;0.0514035225
494;0.0514035225
495;0.0514039993
496;0.0514042377
497;0.0514042377
498;0.0514064431
499;0.0514064431
500;0.0514073558
501;0.0514085256
502;0.0514085628
503;0.0514088422
504;0.0514090247
505;0.0514091402
506;0.0514091700
507;0.0514106750
508;0.0514135621
509;0.0514136739
510;0.0514136739
511;0.0514213182
512;0.0514213294
513;0.0514218472
514;0.0514220037
515;0.0514235571
516;0.0514236577
517;0.0514249690
518;0.0514255129
519;0.0514298826
520;0.0514301509
521;0.0514301509
522;0.0514590032
523;0.0514601767
524;0.0514601767
525;0.0514646471
526;0.0514728054
527;0.0514728166
528;0.0514728166
529;0.0514733680
530;0.0514737405
531;0.0514744334
532;0.0514745191
533;0.0514746718
534;0.0514752977
535;0.0514753573
536;0.0514754392
537;0.0514757521
538;0.0514757968
539;0.0514764078
540;0.0514764078
541;0.0514984503
542;0.0514997542
543;0.0515059158
544;0.0515127145
545;0.0515147373
546;0.0515154973
547;0.0515174344
548;0.0515176132
549;0.0515189357
550;0.0515189543
551;0.0515197739
552;0.0515197739
553;0.0515230857
554;0.0515304394
555;0.0515317209
556;0.0515317209
557;0.0515317395
558;0.0515317395
559;0.0515333526
560;0.0515333526
561;0.0515337959
562;0.0515373312
563;0.0515373312
564;0.0515373945
565;0.0515373945
566;0.0515510067
567;0.0515510067
568;0.0515512265
569;0.0515527017
570;0.0515527166
571;0.0515527390
572;0.0515527390
573;0.0515527427
574;0.0515528359
575;0.0515528359
576;0.0515531749
577;0.0515531749
578;0.0515637882
579;0.0515637919
580;0.0515637919
581;0.0515673570
582;0.0515709743
583;0.0515713505
584;0.0515713505
585;0.0515713505
586;0.0515718572
587;0.0515723787
588;0.0515724160
589;0.0515750609
590;0.0515750609
591;0.0515752397
592;0.0515752397
593;0.0515765585
594;0.0515781268
595;0.0515781268
596;0.0515781865
597;0.0515781865
598;0.0515781865
599;0.0515792482
600;0.0515916087
601;0.0515927002
602;0.0515927002
603;0.0515927002
604;0.0515929088
605;0.0515937135
606;0.0515937135
607;0.0515937135
608;0.0515944399
609;0.0515945181
610;0.0515949279
611;0.0515949279
612;0.0515950918
613;0.0515953042
614;0.0515953042
615;0.0515953042
616;0.0515995994
617;0.0516001023
618;0.0516002439
619;0.0516002439
620;0.0516002439
621;0.0516002439
622;0.0516002439
623;0.0516002439
624;0.0516002439
625;0.0516140573
626;0.0516140573
627;0.0516142137
628;0.0516142659
629;0.0516142659
630;0.0516142659
631;0.0516142659
632;0.0516142659
633;0.0516142659
634;0.0516143851
635;0.0516159758
636;0.0516282134
637;0.0516282134
638;0.0516282134
639;0.0516294688
640;0.0516296662
641;0.0516300537
642;0.0516328178
643;0.0516328178
644;0.0516328178
645;0.0516330153
646;0.0516333506
647;0.0516333506
648;0.0516335852
649;0.0516337380
650;0.0516337380
651;0.0516337380
652;0.0516337380
653;0.0516337380
654;0.0516337380
655;0.0516348071
656;0.0516348071
657;0.0516375341
658;0.0516377464
659;0.0516377464
660;0.0516377464
661;0.0516377464
662;0.0516378060
663;0.0516378060
664;0.0516381226
665;0.0516383648
666;0.0516386479
667;0.0516386479
668;0.0516386479
669;0.0516388342
670;0.0516388342
671;0.0516392961
672;0.0516392961
673;0.0516392961
674;0.0516392961
675;0.0516413152
676;0.0516413786
677;0.0516416170
678;0.0516509227
679;0.0516509227
680;0.0516509265
681;0.0516509265
682;0.0516509265
683;0.0516509265
684;0.0516509824
685;0.0516533777
686;0.0516533852
687;0.0516533852
688;0.0516534112
689;0.0516536385
690;0.0516536385
691;0.0516536385
692;0.0516538844
693;0.0516538844
694;0.0516538844
695;0.0516539887
696;0.0516539887
697;0.0516539887
698;0.0516539887
699;0.0516539887
700;0.0516560562
701;0.0516560562
702;0.0516560823
703;0.0516560934
704;0.0516562387
705;0.0516562387
706;0.0516562387
707;0.0516666286
708;0.0516678318
709;0.0516678318
710;0.0516678318
711;0.0516678318
712;0.0516678318
713;0.0516678318
714;0.0516680107
715;0.0516680107
716;0.0516680107
717;0.0516782925
718;0.0516784564
719;0.0516784564
720;0.0516784564
721;0.0516784564
722;0.0516784564
723;0.0516799204
724;0.0516799204
725;0.0516800284
726;0.0516809151
727;0.0516809151
728;0.0516809337
729;0.0516809449
730;0.0516819730
731;0.0516819805
732;0.0516897365
733;0.0516897365
734;0.0516897403
735;0.0516897552
736;0.0516897552
737;0.0516897961
738;0.0516901240
739;0.0516951717
740;0.0516954698
741;0.0516954698
742;0.0516966321
743;0.0516966321
744;0.0516967885
745;0.0516967885
746;0.0516968444
747;0.0516969524
748;0.0516969860
749;0.0516969860
750;0.0516970232
751;0.0516970232
752;0.0516970232
753;0.0516970232
754;0.0516973957
755;0.0516973957
756;0.0516974069
757;0.0516974069
758;0.0516974255
759;0.0516974889
760;0.0516974889
761;0.0516974889
762;0.0516976900
763;0.0516976900
764;0.0517023951
765;0.0517023951
766;0.0517023951
767;0.0517023951
768;0.0517023951
769;0.0517025702
770;0.0517025702
771;0.0517025702
772;0.0517025888
773;0.0517043248
774;0.0517043248
775;0.0517043248
776;0.0517043248
777;0.0517043248
778;0.0517043248
779;0.0517045930
780;0.0517134257
781;0.0517134257
782;0.0517134778
783;0.0517134778
784;0.0517159104
785;0.0517159440
786;0.0517159440
787;0.0517159440
788;0.0517159440
789;0.0517159440
790;0.0517159440
791;0.0517159440
792;0.0517159440
793;0.0517202280
794;0.0517202280
795;0.0517202280
796;0.0517202280
797;0.0517202280
798;0.0517202280
799;0.0517202802
800;0.0517288260
801;0.0517288260
802;0.0517329499
803;0.0517335385
804;0.0517335385
805;0.0517335385
806;0.0517335385
807;0.0517341644
808;0.0517341644
809;0.0517343916
810;0.0517368466
811;0.0517368466
812;0.0517368652
813;0.0517368652
814;0.0517380759
815;0.0517380759
816;0.0517392009
817;0.0517408326
818;0.0517445803
819;0.0517445803
820;0.0517445803
821;0.0517445803
822;0.0517447516
823;0.0517448112
824;0.0517449789
825;0.0517456084
826;0.0517456084
827;0.0517458841
828;0.0517461486
829;0.0517462194
830;0.0517462194
831;0.0517462194
832;0.0517462194
833;0.0517463237
834;0.0517463237
835;0.0517463982
836;0.0517484359
837;0.0517484359
838;0.0517484359
839;0.0517489277
840;0.0517489277
841;0.0517489277
842;0.0517509691
843;0.0517509691
844;0.0517519712
845;0.0517519712
846;0.0517521203
847;0.0517526306
848;0.0517526306
849;0.0517538227
850;0.0517538711
851;0.0517538711
852;0.0517538786
853;0.0517602898
854;0.0517608300
855;0.0517608933
856;0.0517608933
857;0.0517608933
858;0.0517608933
859;0.0517639779
860;0.0517640822
861;0.0517640822
862;0.0517640822
863;0.0517646074
864;0.0517646074
865;0.0517777167
866;0.0517875403
867;0.0518006086
868;0.0518032312
869;0.0518036745
870;0.0518038794
871;0.0518038794
872;0.0518038794
873;0.0518038794
874;0.0518044084
875;0.0518070683
876;0.0518078022
877;0.0518081747
878;0.0518081747
879;0.0518081747
880;0.0518081747
881;0.0518081747
882;0.0518081859
883;0.0518081859
884;0.0518081859
885;0.0518081859
886;0.0518096350
887;0.0518096350
888;0.0518096350
889;0.0518098883
890;0.0518098883
891;0.0518098883
892;0.0518099032
893;0.0518197566
894;0.0518197566
895;0.0518197566
896;0.0518197566
897;0.0518197566
898;0.0518198609
899;0.0518198796
900;0.0518343449
901;0.0518343449
902;0.0518343635
903;0.0518343635
904;0.0518344566
905;0.0518349633
906;0.0518356077
907;0.0518356077
908;0.0518356077
909;0.0518369563
910;0.0518369563
911;0.0518370904
912;0.0518370941
913;0.0518374220
914;0.0518374220
915;0.0518374220
916;0.0518374220
917;0.0518374220
918;0.0518379509
919;0.0518379509
920;0.0518379509
921;0.0518380143
922;0.0518455133
923;0.0518484563
924;0.0518484563
925;0.0518484563
926;0.0518484563
927;0.0518485792
928;0.0518493727
929;0.0518493727
930;0.0518493727
931;0.0518494025
932;0.0518588573
933;0.0518588573
934;0.0518589616
935;0.0518589616
936;0.0518589616
937;0.0518589616
938;0.0518637635
939;0.0518637635
940;0.0518637635
941;0.0518637635
942;0.0518637635
943;0.0518637635
944;0.0518637635
945;0.0518638864
946;0.0518638864
947;0.0518638864
948;0.0518750958
949;0.0518750958
950;0.0518795103
951;0.0518795103
952;0.0518796965
953;0.0518814288
954;0.0518814288
955;0.0518814288
956;0.0518814288
957;0.0518814437
958;0.0518814549
959;0.0518814549
960;0.0518819727
961;0.0518898629
962;0.0518963225
963;0.0519002154
964;0.0519002788
965;0.0519002788
966;0.0519011728
967;0.0519011728
968;0.0519019030
969;0.0519019030
970;0.0519023128
971;0.0519029163
972;0.0519088246
973;0.0519089103
974;0.0519089103
975;0.0519089103
976;0.0519115217
977;0.0519121923
978;0.0519123077
979;0.0519168898
980;0.0519168898
981;0.0519168898
982;0.0519168898
983;0.0519171096
984;0.0519171096
985;0.0519171096
986;0.0519171096
987;0.0519171096
988;0.0519181490
989;0.0519192852
990;0.0519311950
991;0.0519311950
992;0.0519313328
993;0.0519314222
994;0.0519314222
995;0.0519321263
996;0.0519323163
997;0.0519323163
998;0.0519323386
999;0.0519323386
1000;0.0519323386
1001;0.0519356355
1002;0.0519360155
1003;0.0519360267
1004;0.0519422665
1005;0.0519422665
1006;0.0519422665
1007;0.0519485474
1008;0.0519485772
1009;0.0519485772
1010;0.0519485772
1011;0.0519493781
1012;0.0519494042
1013;0.0519494042
1014;0.0519494042
1015;0.0519494042
1016;0.0519494042
1017;0.0519494042
1018;0.0519494042
1019;0.0519496724
1020;0.0519496724
1021;0.0519496724
1022;0.0519496724
1023;0.0519503467
1024;0.0519686788
1025;0.0519702770
1026;0.0519702807
1027;0.0519702807
1028;0.0519702807
1029;0.0519710295
1030;0.0519711152
1031;0.0519711152
1032;0.0519714504
1033;0.0519715138
1034;0.0519715399
1035;0.0519715734
1036;0.0519723594
1037;0.0519733019
1038;0.0519733280
1039;0.0519733280
1040;0.0519739389
1041;0.0519744493
1042;0.0519763269
1043;0.0519771613
1044;0.0519772843
1045;0.0519772843
1046;0.0519772843
1047;0.0519772843
1048;0.0519772843
1049;0.0519772843
1050;0.0519773699
1051;0.0519773699
1052;0.0519783087
1053;0.0519783385
1054;0.0519783385
1055;0.0519783385
1056;0.0519784801
1057;0.0519784801
1058;0.0519784801
1059;0.0519784801
1060;0.0519784801
1061;0.0519787408
1062;0.0519794486
1063;0.0519798845
1064;0.0519798845
1065;0.0519798845
1066;0.0519798845
1067;0.0519798845
1068;0.0519799590
1069;0.0519799925
1070;0.0519823283
1071;0.0519823283
1072;0.0519823283
1073;0.0519824736
1074;0.0519824736
1075;0.0519824736
1076;0.0519824736
1077;0.0519826338
1078;0.0519828126
1079;0.0519828610
1080;0.0519828610
1081;0.0519828908
1082;0.0519828908
1083;0.0519828908
1084;0.0519829877
1085;0.0519854464
1086;0.0519858301
1087;0.0519858301
1088;0.0519859642
1089;0.0519859642
1090;0.0519859679
1091;0.0519860201
1092;0.0519860201
1093;0.0519860201
1094;0.0519873276
1095;0.0519876368
1096;0.0519876368
1097;0.0519876368
1098;0.0519876368
1099;0.0519877039
1100;0.0519877039
1101;0.0519877039
1102;0.0519902781
1103;0.0519909523
1104;0.0519909598
1105;0.0519909598
1106;0.0519909598
1107;0.0519934036
1108;0.0519937798
1109;0.0519937798
1110;0.0519938506
1111;0.0519938506
1112;0.0519938730
1113;0.0519938730
1114;0.0519938767
1115;0.0519938767
1116;0.0519938767
1117;0.0519938767
1118;0.0519940555
1119;0.0519940555
1120;0.0519943386
1121;0.0519943386
1122;0.0519943386
1123;0.0519996099
1124;0.0519996099
1125;0.0519996844
1126;0.0519996844
1127;0.0519996844
1128;0.0519996844
1129;0.0520003550
1130;0.0520003550
1131;0.0520003550
1132;0.0520003550
1133;0.0520003550
1134;0.0520051196
1135;0.0520051196
1136;0.0520051196
1137;0.0520051196
1138;0.0520053320
1139;0.0520053506
1140;0.0520053767
1141;0.0520054549
1142;0.0520054549
1143;0.0520054549
1144;0.0520054549
1145;0.0520063378
1146;0.0520063378
1147;0.0520063378
1148;0.0520063415
1149;0.0520064086
1150;0.0520066917
1151;0.0520067662
1152;0.0520067662
1153;0.0520067662
1154;0.0520067662
1155;0.0520067662
1156;0.0520074703
1157;0.0520075299
1158;0.0520075299
1159;0.0520075299
1160;0.0520075299
1161;0.0520077832
1162;0.0520077832
1163;0.0520077832
1164;0.0520090163
1165;0.0520090312
1166;0.0520090312
1167;0.0520090312
1168;0.0520090312
1169;0.0520090386
1170;0.0520090386
1171;0.0520094410
1172;0.0520107783
1173;0.0520107783
1174;0.0520121716
1175;0.0520132594
1176;0.0520138144
1177;0.0520138703
1178;0.0520138703
1179;0.0520138890
1180;0.0520139225
1181;0.0520139225
1182;0.0520139225
1183;0.0520142876
1184;0.0520142876
1185;0.0520142876
1186;0.0520142876
1187;0.0520142876
1188;0.0520142876
1189;0.0520142876
1190;0.0520151965
1191;0.0520151965
1192;0.0520151965
1193;0.0520151965
1194;0.0520151965
1195;0.0520153902
1196;0.0520153902
1197;0.0520174205
1198;0.0520174205
1199;0.0520174205
1200;0.0520174205
1201;0.0520174205
1202;0.0520186909
1203;0.0520186909
1204;0.0520186909
1205;0.0520186909
1206;0.0520186909
1207;0.0520193763
1208;0.0520193763
1209;0.0520193763
1210;0.0520229526
1211;0.0520230457
1212;0.0520230457
1213;0.0520230532
1214;0.0520230532
1215;0.0520230532
1216;0.0520230681
1217;0.0520242341
1218;0.0520242341
1219;0.0520242713
1220;0.0520242713
1221;0.0520301983
1222;0.0520301983
1223;0.0520301983
1224;0.0520301983
1225;0.0520301983
1226;0.0520301983
1227;0.0520329401
1228;0.0520339571
1229;0.0520339757
1230;0.0520339757
1231;0.0520339757
1232;0.0520341359
1233;0.0520341359
1234;0.0520372726
1235;0.0520373285
1236;0.0520373285
1237;0.0520375781
1238;0.0520375781
1239;0.0520390384
1240;0.0520390682
1241;0.0520390905
1242;0.0520390905
1243;0.0520390905
1244;0.0520390905
1245;0.0520390905
1246;0.0520392656
1247;0.0520392656
1248;0.0520419218
1249;0.0520419218
1250;0.0520421118
1251;0.0520421118
1252;0.0520422086
1253;0.0520422086
1254;0.0520422086
1255;0.0520422086
1256;0.0520422086
1257;0.0520422086
1258;0.0520422086
1259;0.0520422086
1260;0.0520422086
1261;0.0520422086
1262;0.0520422086
1263;0.0520422086
1264;0.0520422086
1265;0.0520422086
1266;0.0520422086
1267;0.0520422086
1268;0.0520435572
1269;0.0520438738
1270;0.0520438775
1271;0.0520438775
1272;0.0520438850
1273;0.0520440489
1274;0.0520441197
1275;0.0520441197
1276;0.0520442650
1277;0.0520442650
1278;0.0520442650
1279;0.0520442650
1280;0.0520442799
1281;0.0520444922
1282;0.0520444922
1283;0.0520444922
1284;0.0520503148
1285;0.0520503148
1286;0.0520503335
1287;0.0520503372
1288;0.0520503484
1289;0.0520503484
1290;0.0520519279
1291;0.0520519279
1292;0.0520519279
1293;0.0520520955
1294;0.0520520955
1295;0.0520520955
1296;0.0520521030
1297;0.0520521030
1298;0.0520521030
1299;0.0520521030
1300;0.0520521030
1301;0.0520527139
1302;0.0520527139
1303;0.0520535819
1304;0.0520535819
1305;0.0520536043
1306;0.0520571657
1307;0.0520571657
1308;0.0520574674
1309;0.0520574674
1310;0.0520578548
1311;0.0520578548
1312;0.0520578995
1313;0.0520578995
1314;0.0520579219
1315;0.0520579219
1316;0.0520580783
1317;0.0520580783
1318;0.0520580783
1319;0.0520583279
1320;0.0520583354
1321;0.0520583354
1322;0.0520583354
1323;0.0520583354
1324;0.0520583354
1325;0.0520583354
1326;0.0520586334
1327;0.0520586334
1328;0.0520586334
1329;0.0520586334
1330;0.0520586483
1331;0.0520586483
1332;0.0520598218
1333;0.0520598218
1334;0.0520598218
1335;0.0520598218
1336;0.0520608015
1337;0.0520608015
1338;0.0520610623
1339;0.0520610623
1340;0.0520610623
1341;0.0520612001
1342;0.0520615131
1343;0.0520618409
1344;0.0520618409
1345;0.0520618409
1346;0.0520618409
1347;0.0520618409
1348;0.0520618409
1349;0.0520618409
1350;0.0520618409
1351;0.0520618819
1352;0.0520618819
1353;0.0520618819
1354;0.0520618819
1355;0.0520620272
1356;0.0520620272
1357;0.0520620272
1358;0.0520620272
1359;0.0520620272
1360;0.0520620272
1361;0.0520620421
1362;0.0520620421
1363;0.0520620421
1364;0.0520620644
1365;0.0520621426
1366;0.0520621985
1367;0.0520621985
1368;0.0520622097
1369;0.0520622097
1370;0.0520622097
1371;0.0520622246
1372;0.0520622246
1373;0.0520623215
1374;0.0520623215
1375;0.0520623215
1376;0.0520623438
1377;0.0520625599
1378;0.0520625599
1379;0.0520625599
1380;0.0520626009
1381;0.0520626009
1382;0.0520626009
1383;0.0520627201
1384;0.0520627201
1385;0.0520627201
1386;0.0520627201
1387;0.0520713888
1388;0.0520713888
1389;0.0520717241
1390;0.0520717241
1391;0.0520717427
1392;0.0520717427
1393;0.0520717427
1394;0.0520717427
1395;0.0520717427
1396;0.0520717427
1397;0.0520717427
1398;0.0520717539
1399;0.0520717539
1400;0.0520717539
1401;0.0520720184
1402;0.0520721264
1403;0.0520723350
1404;0.0520723350
1405;0.0520723350
1406;0.0520723350
1407;0.0520724617
1408;0.0520724617
1409;0.0520724617
1410;0.0520724617
1411;0.0520724617
1412;0.0520724617
1413;0.0520739779
1414;0.0520739779
1415;0.0520739779
1416;0.0520739779
1417;0.0520739779
1418;0.0520739779
1419;0.0520739779
1420;0.0520739779
1421;0.0520739779
1422;0.0520739779
1423;0.0520756319
1424;0.0520785190
1425;0.0520785190
1426;0.0520790927
1427;0.0520791002
1428;0.0520792641
1429;0.0520817637
1430;0.0520821735
1431;0.0520823374
1432;0.0520823374
1433;0.0520823374
1434;0.0520846136
1435;0.0520846136
1436;0.0520846136
1437;0.0520846136
1438;0.0520846210
1439;0.0520854481
1440;0.0520854481
1441;0.0520854928
1442;0.0520855151
1443;0.0520855337
1444;0.0520855337
1445;0.0520855337
1446;0.0520855337
1447;0.0520855822
1448;0.0520855822
1449;0.0521012172
1450;0.0521012172
1451;0.0521012172
1452;0.0521012172
1453;0.0521012172
1454;0.0521012172
1455;0.0521012172
1456;0.0521012172
1457;0.0521012172
1458;0.0521012172
1459;0.0521012172
1460;0.0521012172
1461;0.0521012172
1462;0.0521012172
1463;0.0521012172
1464;0.0521012172
1465;0.0521012172
1466;0.0521012172
1467;0.0521012172
1468;0.0521012172
1469;0.0521013625
1470;0.0521013625
1471;0.0521013625
1472;0.0521013625
1473;0.0521013625
1474;0.0521013737
1475;0.0521013737
1476;0.0521013737
1477;0.0521013737
1478;0.0521013737
1479;0.0521014370
1480;0.0521014966
1481;0.0521014966
1482;0.0521044098
1483;0.0521044098
1484;0.0521056317
1485;0.0521056317
1486;0.0521056317
1487;0.0521056578
1488;0.0521069393
1489;0.0521069393
1490;0.0521095544
1491;0.0521095544
1492;0.0521095544
1493;0.0521095544
1494;0.0521104559
1495;0.0521104559
1496;0.0521104559
1497;0.0521104559
1498;0.0521109551
1499;0.0521114506
1500;0.0521152578
1501;0.0521152578
1502;0.0521152578
1503;0.0521152578
1504;0.0521152578
1505;0.0521152578
1506;0.0521152578
1507;0.0521153733
1508;0.0521154553
1509;0.0521156266
1510;0.0521156825
1511;0.0521156825
1512;0.0521156825
1513;0.0521156825
1514;0.0521157198
1515;0.0521157198
1516;0.0521157198
1517;0.0521157309
1518;0.0521157309
1519;0.0521159060
1520;0.0521160476
1521;0.0521160476
1522;0.0521163009
1523;0.0521163009
1524;0.0521180257
1525;0.0521187596
1526;0.0521188527
1527;0.0521188527
1528;0.0521188527
1529;0.0521188527
1530;0.0521188527
1531;0.0521188527
1532;0.0521188527
1533;0.0521188602
1534;0.0521188602
1535;0.0521188602
1536;0.0521194711
1537;0.0521194711
1538;0.0521199480
1539;0.0521199480
1540;0.0521199480
1541;0.0521199480
1542;0.0521199480
1543;0.0521199480
1544;0.0521199480
1545;0.0521199480
1546;0.0521203466
1547;0.0521245077
1548;0.0521245077
1549;0.0521245077
1550;0.0521245077
1551;0.0521248132
1552;0.0521248132
1553;0.0521248132
1554;0.0521251447
1555;0.0521254241
1556;0.0521254353
1557;0.0521254353
1558;0.0521254353
1559;0.0521254353
1560;0.0521254353
1561;0.0521254465
1562;0.0521254465
1563;0.0521254465
1564;0.0521254465
1565;0.0521254465
1566;0.0521254465
1567;0.0521254465
1568;0.0521254465
1569;0.0521254465
1570;0.0521254465
1571;0.0521273799
1572;0.0521273799
1573;0.0521274209
1574;0.0521274246
1575;0.0521274358
1576;0.0521274358
1577;0.0521274395
1578;0.0521277636
1579;0.0521289855
1580;0.0521289855
1581;0.0521289855
1582;0.0521290526
1583;0.0521295294
1584;0.0521295555
1585;0.0521295555
1586;0.0521295555
1587;0.0521295667
1588;0.0521295667
1589;0.0521295667
1590;0.0521296784
1591;0.0521296784
1592;0.0521296784
1593;0.0521296784
1594;0.0521296784
1595;0.0521296784
1596;0.0521353036
1597;0.0521353036
1598;0.0521353036
1599;0.0521356612
1600;0.0521356612
1601;0.0521358214
1602;0.0521358401
1603;0.0521358587
1604;0.0521358587
1605;0.0521358587
1606;0.0521358587
1607;0.0521358587
1608;0.0521358587
1609;0.0521358587
1610;0.0521358587
1611;0.0521358587
1612;0.0521358587
1613;0.0521358587
1614;0.0521375090
1615;0.0521375090
1616;0.0521375090
1617;0.0521378666
1618;0.0521379486
1619;0.0521380045
1620;0.0521380045
1621;0.0521380045
1622;0.0521380305
1623;0.0521382131
1624;0.0521382131
1625;0.0521382131
1626;0.0521382131
1627;0.0521390364
1628;0.0521390364
1629;0.0521390885
1630;0.0521390885
1631;0.0521391109
1632;0.0521391109
1633;0.0521394014
1634;0.0521394014
1635;0.0521394089
1636;0.0521394573
1637;0.0521394573
1638;0.0521394573
1639;0.0521394573
1640;0.0521394573
1641;0.0521394573
1642;0.0521394573
1643;0.0521394573
1644;0.0521394573
1645;0.0521394573
1646;0.0521394573
1647;0.0521394685
1648;0.0521396697
1649;0.0521396697
1650;0.0521398000
1651;0.0521401688
1652;0.0521401688
1653;0.0521401688
1654;0.0521401986
1655;0.0521401986
1656;0.0521401986
1657;0.0521401986
1658;0.0521405973
1659;0.0521405973
1660;0.0521405973
1661;0.0521405973
1662;0.0521405973
1663;0.0521405973
1664;0.0521405973
1665;0.0521405973
1666;0.0521405973
1667;0.0521405973
1668;0.0521409512
1669;0.0521409512
1670;0.0521409512
1671;0.0521409512
1672;0.0521409512
1673;0.0521409549
1674;0.0521409549
1675;0.0521409549
1676;0.0521409623
1677;0.0521409623
1678;0.0521409623
1679;0.0521409623
1680;0.0521409623
1681;0.0521409623
1682;0.0521415584
1683;0.0521415584
1684;0.0521415584
1685;0.0521415584
1686;0.0521415584
1687;0.0521415584
1688;0.0521415584
1689;0.0521415584
1690;0.0521415919
1691;0.0521416143
1692;0.0521416143
1693;0.0521416143
1694;0.0521416143
1695;0.0521416143
1696;0.0521416143
1697;0.0521416143
1698;0.0521416143
1699;0.0521416143
1700;0.0521416143
1701;0.0521416143
1702;0.0521416143
1703;0.0521417297
1704;0.0521417297
1705;0.0521417297
1706;0.0521417297
1707;0.0521417297
1708;0.0521417297
1709;0.0521417297
1710;0.0521417297
1711;0.0521417297
1712;0.0521418080
1713;0.0521418080
1714;0.0521418154
